# Welcome to the CosmicWatchDAQ (Version: v3C.49)
# (0ms) Initializing LEDs pins ... 
# (0ms) Initializing ADCs ...
# (1ms) Initializing OLED screen ... 
# (13ms) Initializing OLED screen ... complete.  OLED ID = 0x3C
# (25ms) Displaying OLED Logo ... complete
# (1237ms) Initializing BMP280 temperature/pressure sensor. -> BMP280 chip ID = 0x58 (attempt 1)
# (1238ms) Setting up BMP280 temperature (19.30 C)/pressure sensor (100513.00 Pa)
# (1339ms) Checking available MPU6050 Accelerometer. -> MPU-6050 ID = 0x68
# (1339ms) Initializing the MPU6050 accelerometer
# Welcome to the CosmicWatchDAQ (Version: v3C.49)
# (3001ms) Detected physical microSD card
# (3001ms) Initializing microSD card communication
# (3286ms) Mounting microSD card
# (3307ms) Initializing microSD card config.txt.
# (3308ms) Saving data to MicroSD card file name: AxTech_C_003.txt
# (3308ms) Initializing CAT24C64 EEPROM. -> EEPROM ID = 0x50
# (3311ms) EEPROM settings found.
# (3311ms) EEPROM read: v3C.49 | 1.1.49 | 2026-03-28 | AxTech | 1.234567
# (3311ms) Initializing trigger GPIO/PWM + calibration
# (3582ms) Threshold fit: V_meas_mV = 1655.236157 * duty + -1.176460   (R^2=0.9999, N=77)
# (3583ms) Scanning I2C ...
#  -- Device ACK at 0x3C  (OLED display found: SSD1306)
#  -- Device ACK at 0x50  (I2C EEPROM 24xx series)
#  -- Device ACK at 0x68  (Accel/Gyro found: MPU6050 IMU)
#  -- Device ACK at 0x76  (Temp/Pressure sensor found: BMP280/BME280 )
# (3819ms) Verifying length of DetectorName < 20 chars
# (3819ms) Total space: 6552 kB, Used: 2064 kB, Free: 4488 kB
# (3820ms) Trigger Threshold (Measured, Expected) : (496.89 mV, 500.00 mV) 
# (3831ms) Checking: HV to SiPM voltage: 31.30 V (507.70 LSB)
# (3841ms) Checking: Signal line voltage: 35.53 mV
# (3841ms) Coincidence detector found.
# (3844ms) Measuring ADC0 baseline: 57.62 LSB ± 0.81 LSB
# (3844ms) Launching CosmicWatch v3C.49 Detector! 
##########################################################################################################################################
#                                             CosmicWatch: The Desktop Muon Detector v3C.49
#                                                  Questions? spencer.axani@gmail.com
#                                                         Detector Name: AxTech                                                            
# Event  Timestamp[s]  Flag  ADC[12b]  SiPM[mV]  Deadtime[s]  Temp[C]  Press[Pa]  Accel(X:Y:Z)[g]  Gyro(X:Y:Z)[deg/sec]
##########################################################################################################################################
1	0.424040	0	189	11.5	0.000394	19.3	100513	-0.005:-0.002:-0.998	-0.0:0.0:0.3
2	2.279941	0	1048	64.2	0.001179	19.3	100515	0.005:0.001:-1.006	-0.1:-0.1:0.2
3	3.883950	0	572	35.1	0.001852	19.3	100514	0.003:-0.003:-0.994	-0.2:0.2:-0.0
4	4.908940	1	1741	106.5	0.002543	19.3	100515	-0.006:-0.002:-0.993	-0.1:-0.0:0.3
5	4.987512	0	1216	74.5	0.003245	19.3	100515	0.002:-0.001:-0.999	0.1:0.1:0.2
6	5.497651	0	229	14.0	0.003887	19.3	100514	-0.008:0.003:-1.004	0.0:-0.1:0.2
7	5.770888	0	268	16.4	0.004513	19.3	100514	0.002:-0.001:-1.002	0.0:0.1:0.2
8	6.239010	0	401	24.5	0.005181	19.3	100514	0.002:-0.005:-0.993	0.0:-0.0:0.1
9	6.291754	0	349	21.4	0.005866	19.3	100514	0.004:0.002:-1.000	0.1:0.0:0.3
10	6.436952	0	141	8.6	0.006545	19.3	100514	0.002:0.001:-1.001	0.1:0.1:0.3
11	6.532774	0	203	12.4	0.007204	19.3	100513	0.001:0.002:-0.997	0.1:0.0:0.2
12	7.212937	0	1898	116.0	0.007833	19.3	100512	-0.005:-0.006:-0.994	-0.1:-0.1:0.2
13	8.506072	0	1681	102.8	0.008497	19.4	100513	-0.006:-0.002:-1.003	0.2:0.0:0.3
14	9.077512	0	105	6.4	0.009148	19.4	100513	0.002:0.000:-0.993	0.1:-0.0:0.3
15	9.184432	0	236	14.5	0.009775	19.4	100513	0.001:0.003:-0.991	-0.2:-0.1:0.2
16	9.758367	0	142	8.7	0.010433	19.4	100513	-0.002:-0.000:-1.004	0.1:-0.0:0.2
17	11.718436	1	1044	64.0	0.011122	19.4	100514	0.001:0.002:-1.003	0.2:-0.0:0.4
18	12.172880	0	193	11.8	0.011761	19.4	100513	0.001:0.001:-0.996	0.1:-0.1:-0.0
19	12.419840	0	1756	107.3	0.012417	19.4	100513	-0.003:0.001:-0.994	0.0:0.0:0.2
20	13.206729	0	216	13.2	0.013067	19.4	100512	0.000:-0.001:-1.007	-0.1:0.1:0.3
21	13.569338	0	187	11.5	0.013720	19.4	100515	0.002:-0.002:-1.004	0.1:-0.1:0.1
22	13.706618	0	2451	149.7	0.014366	19.4	100515	0.001:0.002:-0.998	0.1:-0.0:0.3
23	14.353230	0	333	20.3	0.015003	19.4	100514	-0.000:0.001:-1.008	0.1:-0.2:0.3
24	15.397350	0	728	44.7	0.015651	19.4	100514	-0.006:-0.001:-1.003	0.1:0.1:0.1
25	15.611235	0	1430	87.4	0.016304	19.4	100514	-0.002:0.001:-1.005	-0.0:0.0:0.2
26	17.372531	0	198	12.1	0.016942	19.4	100513	-0.001:0.003:-1.001	0.2:-0.1:0.4
27	17.504883	1	796	48.8	0.017650	19.4	100513	-0.008:-0.000:-0.998	0.2:-0.1:0.2
28	17.985277	0	91	5.6	0.018346	19.4	100513	-0.004:0.001:-1.001	-0.0:-0.1:0.1
29	18.444648	0	180	11.0	0.018999	19.4	100513	0.000:0.000:-0.994	0.0:0.1:-0.0
30	19.003243	0	219	13.4	0.019641	19.4	100512	-0.003:-0.002:-1.001	0.0:0.2:0.3
31	20.736806	0	351	21.5	0.020290	19.4	100515	0.002:-0.000:-0.996	0.0:-0.1:0.3
32	22.809770	0	1139	69.8	0.020939	19.4	100516	-0.001:0.000:-1.002	0.1:-0.2:0.4
33	23.329820	0	890	54.5	0.021575	19.4	100516	-0.000:-0.002:-0.992	0.1:-0.0:0.3
34	23.476381	1	2054	125.3	0.022244	19.4	100516	-0.004:0.002:-0.992	0.0:0.1:0.2
35	24.237640	0	365	22.3	0.022900	19.5	100515	0.005:0.001:-1.004	0.0:-0.1:0.1
36	25.867781	0	928	56.9	0.023546	19.5	100516	-0.003:-0.001:-0.993	-0.1:-0.0:0.2
37	27.708152	0	876	53.5	0.024196	19.5	100513	-0.001:0.007:-1.001	-0.0:-0.2:0.1
38	27.755282	0	251	15.4	0.024851	19.5	100513	-0.006:0.000:-1.006	0.1:0.1:0.1
39	29.626376	0	1218	74.5	0.025538	19.5	100514	-0.004:0.007:-0.994	-0.0:-0.2:0.3
40	30.526490	0	1685	103.1	0.026204	19.5	100513	-0.000:0.000:-0.993	0.0:-0.0:0.2
41	30.785482	0	347	21.2	0.026884	19.5	100513	-0.004:0.003:-0.998	0.0:-0.0:0.2
42	31.372728	1	1073	65.7	0.027560	19.5	100512	-0.003:-0.005:-0.998	0.1:0.0:0.2
43	31.487666	0	349	21.3	0.028229	19.5	100512	-0.004:-0.005:-1.006	0.1:-0.1:0.1
44	31.599876	0	111	6.8	0.028863	19.5	100512	0.004:0.006:-0.996	-0.1:-0.0:0.4
45	32.614808	0	189	11.6	0.029505	19.5	100514	-0.003:0.003:-0.990	0.1:0.1:0.2
46	33.594678	0	181	11.0	0.030146	19.5	100513	-0.006:0.002:-1.006	0.0:-0.0:0.1
47	36.851873	0	632	38.7	0.030797	19.5	100513	-0.001:0.001:-1.006	-0.0:-0.0:0.2
48	36.964699	0	269	16.4	0.031440	19.5	100513	-0.002:-0.003:-0.993	0.0:-0.1:0.1
49	37.027481	1	2048	125.2	0.032134	19.5	100513	0.003:-0.000:-1.003	-0.1:-0.0:0.2
50	37.333903	0	774	47.4	0.032787	19.5	100513	-0.002:0.002:-0.999	0.0:-0.0:0.3
51	38.554983	0	244	14.9	0.033428	19.5	100511	-0.001:-0.003:-1.000	-0.1:0.0:-0.0
52	39.199724	0	134	8.2	0.034114	19.5	100513	0.000:0.008:-1.002	-0.0:-0.1:0.1
53	40.052163	0	500	30.5	0.034798	19.5	100513	0.001:-0.003:-1.001	0.1:0.1:0.2
54	41.067961	1	1384	84.4	0.035484	19.5	100512	-0.001:-0.001:-0.994	-0.0:-0.0:0.4
55	41.610493	0	429	26.2	0.036140	19.5	100511	-0.004:0.001:-1.001	0.1:-0.2:0.2
56	41.777402	0	418	25.6	0.036773	19.5	100511	-0.004:-0.005:-1.000	0.0:-0.0:0.2
57	43.365788	0	2499	152.9	0.037412	19.6	100512	-0.002:0.004:-0.990	-0.1:0.1:0.1
58	44.625340	0	185	11.3	0.038044	19.6	100511	-0.002:-0.000:-1.004	0.1:0.0:0.2
59	45.451508	0	656	40.0	0.038684	19.6	100516	0.000:-0.001:-1.003	-0.0:-0.1:0.1
60	45.652994	0	355	21.7	0.039337	19.6	100516	0.001:0.006:-1.001	0.0:0.1:0.2
61	45.958005	0	551	33.6	0.039978	19.6	100516	0.003:0.005:-0.999	0.0:0.0:0.3
62	47.128112	0	142	8.7	0.040620	19.6	100515	0.004:-0.006:-0.998	0.1:-0.1:0.2
63	47.911397	0	352	21.6	0.041251	19.6	100515	0.001:-0.003:-0.996	0.0:0.0:0.2
64	48.035511	0	379	23.2	0.041899	19.6	100514	-0.003:0.008:-0.997	-0.0:-0.1:0.3
65	48.712914	0	1844	112.7	0.042561	19.6	100514	-0.007:-0.004:-0.998	0.1:-0.2:0.2
66	49.109728	0	553	33.7	0.043242	19.6	100513	-0.005:-0.000:-1.000	-0.1:-0.0:0.3
67	49.560541	0	162	9.9	0.043958	19.6	100515	-0.005:0.008:-1.005	-0.2:-0.0:0.2
68	49.984315	0	523	32.0	0.044655	19.6	100514	-0.004:0.002:-1.001	0.2:-0.1:0.2
69	50.866862	1	170	10.4	0.045326	19.6	100514	0.001:0.005:-1.001	0.1:-0.2:0.1
70	52.368488	1	562	34.3	0.045988	19.6	100513	-0.003:0.000:-1.004	0.2:-0.2:0.3
71	52.417078	0	124	7.6	0.046663	19.6	100513	0.004:-0.002:-0.995	0.1:-0.1:0.1
72	53.181797	0	209	12.8	0.047315	19.6	100515	-0.003:-0.003:-0.999	-0.1:-0.1:0.2
73	53.349099	0	539	33.0	0.047965	19.6	100515	-0.000:0.004:-1.004	0.2:-0.1:0.3
74	56.650693	0	545	33.3	0.048629	19.6	100513	0.004:-0.002:-0.997	0.1:0.0:0.1
75	57.473176	0	517	31.5	0.049300	19.6	100515	-0.002:-0.004:-0.999	-0.1:-0.0:0.3
76	58.899728	0	219	13.4	0.049955	19.6	100514	-0.002:-0.001:-1.000	0.0:-0.1:0.1
77	59.460127	0	1222	74.4	0.050645	19.6	100513	-0.004:0.003:-0.990	0.1:-0.1:0.2
78	60.779127	0	985	60.2	0.051360	19.6	100516	-0.003:-0.002:-0.996	-0.0:-0.2:0.2
79	64.080929	0	225	13.8	0.052052	19.7	100516	0.002:-0.002:-1.009	0.1:0.0:0.0
80	64.555740	0	132	8.1	0.052692	19.7	100516	-0.002:-0.003:-0.997	0.1:-0.0:0.3
81	64.692082	0	560	34.2	0.053329	19.7	100516	-0.004:0.001:-0.993	0.1:-0.1:0.2
82	65.343342	0	349	21.3	0.053987	19.7	100515	0.001:0.002:-0.994	0.0:-0.0:0.2
83	67.313785	0	1297	79.3	0.054631	19.7	100513	-0.003:-0.000:-0.995	0.0:-0.1:0.3
84	70.612680	0	1241	76.0	0.055277	19.7	100513	-0.009:0.003:-1.003	0.1:0.1:0.2
85	71.107373	0	244	14.9	0.055948	19.7	100513	-0.005:0.001:-1.001	-0.2:0.1:0.3
86	73.522054	0	250	15.3	0.056638	19.7	100516	-0.004:0.004:-1.000	0.2:-0.2:0.3
87	74.801848	0	420	25.6	0.057299	19.7	100514	-0.004:0.002:-1.006	0.1:0.0:0.2
88	75.202843	0	171	10.5	0.057941	19.7	100514	-0.003:0.002:-1.000	-0.1:-0.1:0.2
89	76.263314	0	1501	91.8	0.058603	19.7	100514	-0.008:0.006:-1.001	0.0:-0.0:0.3
90	77.499204	0	579	35.4	0.059252	19.7	100515	0.002:0.005:-1.003	0.0:-0.2:0.2
91	78.634810	0	442	27.0	0.059906	19.7	100515	0.002:0.002:-0.995	0.1:-0.2:0.3
92	79.502781	0	292	17.8	0.060561	19.7	100515	-0.002:-0.002:-0.999	0.1:0.0:0.3
93	80.204616	0	257	15.7	0.061196	19.7	100517	-0.004:-0.000:-1.000	0.1:0.0:0.3
94	80.411544	1	989	60.6	0.061872	19.7	100517	0.002:0.002:-1.001	0.3:-0.1:0.4
95	81.114698	1	1197	73.2	0.062559	19.7	100515	-0.007:-0.001:-1.002	0.1:0.1:0.3
96	82.862345	0	398	24.3	0.063269	19.8	100515	0.000:0.001:-1.000	-0.0:-0.1:0.2
97	83.229371	1	277	17.0	0.064003	19.8	100515	-0.003:0.004:-1.002	0.1:-0.1:0.2
98	85.986230	0	299	18.3	0.064671	19.8	100516	-0.003:0.002:-0.999	0.0:0.2:0.2
99	88.507715	0	236	14.4	0.065327	19.8	100514	-0.004:0.005:-1.001	0.1:-0.2:0.2
100	89.817554	0	190	11.6	0.065971	19.8	100517	0.003:0.003:-0.993	0.0:0.2:0.2
101	91.115177	0	301	18.4	0.066628	19.8	100516	0.005:-0.001:-0.992	-0.1:-0.1:0.2
102	92.778729	0	1321	80.8	0.067307	19.8	100515	-0.002:0.001:-0.998	0.1:0.1:0.0
103	92.801664	0	275	16.8	0.067990	19.8	100515	0.001:-0.002:-1.004	0.0:-0.2:0.1
104	97.763420	0	297	18.1	0.068658	19.8	100514	-0.004:0.002:-1.005	-0.1:-0.1:0.2
105	97.864933	1	2060	126.1	0.069347	19.8	100514	-0.002:-0.003:-0.996	0.1:-0.1:0.4
106	98.724135	0	1160	71.0	0.070013	19.8	100515	-0.002:0.000:-1.000	0.1:-0.0:0.1
107	99.363907	0	926	56.7	0.070664	19.8	100515	-0.003:0.007:-1.001	0.1:0.0:0.2
108	99.642265	0	785	47.9	0.071335	19.8	100515	0.001:-0.000:-1.000	0.0:-0.1:0.3
109	100.352160	0	340	20.7	0.072009	19.8	100514	-0.003:0.007:-0.996	0.1:-0.0:0.2
110	100.357175	0	1149	70.3	0.072698	19.8	100514	-0.003:0.007:-0.996	0.1:-0.0:0.2
111	100.799343	1	1344	82.3	0.073373	19.8	100514	-0.004:0.010:-1.011	-0.0:-0.1:0.2
112	101.972450	0	309	18.9	0.074031	19.8	100513	-0.001:0.003:-0.997	0.0:-0.1:0.2
113	104.050987	0	432	26.4	0.074702	19.8	100514	-0.000:0.000:-1.000	0.1:-0.1:0.2
114	104.539620	0	163	9.9	0.075391	19.8	100514	-0.004:-0.001:-0.996	0.1:-0.1:0.1
115	106.034634	0	268	16.4	0.076047	19.8	100513	0.001:0.001:-1.007	-0.0:-0.1:0.2
116	106.284697	0	455	27.8	0.076698	19.8	100513	-0.002:0.004:-0.999	0.1:-0.2:0.4
117	107.531723	0	596	36.5	0.077368	19.9	100512	0.003:0.000:-0.997	0.0:-0.0:0.2
118	108.401552	0	317	19.3	0.078017	19.9	100517	-0.003:0.003:-1.000	0.1:-0.2:0.2
119	108.974906	0	163	9.9	0.078672	19.9	100517	-0.004:0.001:-1.000	0.2:-0.1:0.3
120	109.006120	0	314	19.2	0.079327	19.9	100517	0.001:0.005:-1.002	-0.0:0.1:0.2
121	110.014004	0	105	6.4	0.079981	19.9	100516	-0.005:0.001:-0.998	0.1:-0.0:0.2
122	110.614927	0	206	12.6	0.080617	19.9	100515	-0.001:-0.001:-1.006	0.0:-0.1:0.3
123	111.953780	0	144	8.8	0.081273	19.9	100514	-0.001:0.005:-1.000	0.1:0.1:0.2
124	112.494349	0	932	57.2	0.081985	19.9	100514	-0.007:0.001:-1.001	0.1:-0.2:0.3
125	113.075429	0	109	6.7	0.082681	19.9	100516	-0.006:0.000:-1.000	0.0:-0.0:0.2
126	114.245317	1	1657	100.9	0.083403	19.9	100516	-0.004:-0.000:-0.999	0.0:-0.2:0.2
127	114.595643	0	305	18.6	0.084075	19.9	100516	-0.006:-0.000:-0.999	-0.0:-0.0:0.1
128	115.016319	0	1272	77.8	0.084751	19.9	100516	-0.006:0.003:-1.001	0.2:-0.1:0.3
129	115.396547	0	149	9.1	0.085412	19.9	100516	-0.001:-0.000:-0.997	0.0:0.1:0.1
130	115.709725	0	853	52.1	0.086043	19.9	100516	0.001:0.004:-0.995	-0.0:-0.0:0.2
131	116.164039	0	201	12.3	0.086689	19.9	100515	-0.002:-0.000:-1.002	-0.1:-0.1:0.2
132	122.671282	0	394	24.1	0.087330	19.9	100513	-0.001:-0.003:-1.006	-0.1:-0.1:0.2
133	123.850659	1	975	59.6	0.088037	19.9	100515	-0.005:-0.003:-1.008	0.2:-0.2:0.3
134	125.034264	1	2570	156.5	0.088756	19.9	100514	0.006:0.007:-1.006	0.2:0.1:0.2
135	125.362603	0	1397	85.3	0.089432	19.9	100514	0.001:-0.003:-0.996	-0.0:0.0:0.3
136	127.874875	0	217	13.3	0.090091	19.9	100512	-0.000:0.002:-0.995	0.1:-0.2:0.3
137	129.179415	0	969	59.3	0.090747	19.9	100511	0.003:-0.002:-1.003	0.1:-0.0:0.1
138	129.468243	0	104	6.4	0.091397	19.9	100510	-0.003:-0.001:-1.000	0.0:-0.1:0.4
139	131.707594	0	184	11.2	0.092048	19.9	100512	0.001:0.006:-1.004	0.1:-0.0:0.3
140	134.793600	0	377	23.0	0.092708	19.9	100513	0.005:0.003:-1.004	-0.0:-0.1:0.2
141	137.227024	0	1213	74.2	0.093383	20.0	100511	-0.002:0.002:-1.001	0.1:0.0:0.4
142	139.916763	0	157	9.6	0.094082	20.0	100509	0.001:-0.003:-1.002	0.2:-0.2:0.3
143	140.029648	0	237	14.5	0.094740	20.0	100511	0.008:-0.002:-0.997	0.2:-0.2:0.2
144	140.228106	0	363	22.2	0.095413	20.0	100511	-0.004:0.007:-0.997	0.1:-0.0:0.2
145	140.310399	0	394	24.1	0.096064	20.0	100511	0.000:-0.014:-0.990	0.2:0.1:0.3
146	141.478783	1	1205	73.5	0.096745	20.0	100510	-0.004:0.001:-1.001	0.1:0.1:0.3
147	143.002489	0	581	35.5	0.097404	20.0	100510	0.004:-0.003:-0.998	0.0:-0.2:0.3
148	143.584680	0	256	15.7	0.098053	20.0	100509	-0.005:-0.005:-0.997	0.0:-0.0:0.2
149	143.940976	0	373	22.9	0.098713	20.0	100509	-0.002:0.002:-1.003	0.0:0.0:0.3
150	144.434792	0	953	58.2	0.099374	20.0	100508	-0.002:0.002:-1.005	0.0:-0.1:0.4
151	144.608188	0	177	10.8	0.100041	20.0	100508	-0.003:0.005:-1.001	-0.0:0.0:0.3
152	146.434372	0	515	31.6	0.100709	20.0	100510	0.000:0.002:-1.003	0.1:0.1:0.3
153	146.758024	0	355	21.7	0.101371	20.0	100510	0.005:-0.003:-0.995	0.0:-0.1:0.2
154	148.345138	0	168	10.3	0.102071	20.0	100509	-0.006:-0.000:-1.010	0.0:0.0:0.1
155	148.498510	0	1133	69.4	0.102742	20.0	100509	-0.002:0.003:-0.998	-0.2:-0.1:0.3
156	148.587036	0	193	11.8	0.103434	20.0	100509	-0.005:0.008:-1.003	-0.0:0.0:0.3
157	153.194862	0	388	23.7	0.104075	20.0	100507	0.000:0.002:-1.002	-0.0:-0.1:0.2
158	154.072013	0	152	9.3	0.104718	20.0	100513	-0.001:-0.004:-1.010	0.1:-0.1:0.4
159	156.074328	0	1940	118.4	0.105369	20.0	100511	-0.011:-0.002:-0.991	-0.0:0.0:0.1
160	156.761960	0	248	15.1	0.106025	20.0	100510	-0.006:-0.000:-1.005	0.1:0.1:0.1
161	157.111092	0	1229	75.2	0.106693	20.0	100510	-0.001:-0.002:-1.000	0.2:-0.2:0.3
162	158.059885	0	171	10.5	0.107381	20.0	100510	-0.003:-0.001:-0.998	0.1:-0.0:0.3
163	158.183334	0	490	29.9	0.108046	20.0	100510	-0.001:0.002:-0.992	-0.0:-0.1:0.3
164	159.393045	0	363	22.2	0.108703	20.0	100510	-0.003:-0.001:-0.999	-0.0:-0.2:0.3
165	160.966898	0	1993	121.9	0.109365	20.0	100512	-0.006:0.004:-1.001	0.0:-0.1:0.4
166	161.542400	1	1565	95.7	0.110096	20.0	100512	-0.008:-0.003:-1.000	-0.1:-0.2:0.3
167	162.030973	0	216	13.2	0.110762	20.0	100512	0.002:-0.004:-1.005	-0.1:-0.0:0.3
168	164.125235	0	493	30.2	0.111452	20.0	100511	0.002:-0.002:-0.998	0.1:-0.1:0.2
169	166.634113	0	882	54.0	0.112091	20.0	100513	-0.001:-0.004:-1.004	0.2:-0.0:0.4
170	168.450126	0	971	59.4	0.112742	20.0	100512	-0.005:-0.005:-0.999	0.0:-0.1:0.1
171	168.568447	0	500	30.7	0.113422	20.0	100512	0.002:0.000:-1.002	-0.0:0.0:0.3
172	169.153298	0	1477	90.0	0.114142	20.0	100512	-0.005:0.000:-1.001	0.1:-0.1:0.3
173	170.513727	0	473	28.9	0.114803	20.0	100511	-0.003:-0.002:-1.000	0.2:0.1:0.3
174	171.026052	0	814	49.8	0.115463	20.0	100511	-0.001:-0.001:-1.001	0.2:-0.2:0.2
175	171.784933	0	942	57.6	0.116187	20.0	100510	-0.001:-0.002:-0.996	-0.0:-0.2:0.1
176	173.050958	0	178	10.9	0.116826	20.0	100510	-0.001:0.002:-0.996	-0.0:0.1:0.2
177	173.186352	0	1177	71.9	0.117481	20.1	100513	-0.004:0.002:-0.998	0.1:-0.0:0.3
178	173.428594	0	306	18.7	0.118141	20.1	100513	-0.001:0.005:-0.999	0.0:-0.0:0.1
179	173.595504	0	433	26.4	0.118799	20.1	100512	-0.003:0.004:-0.994	0.1:0.1:0.1
180	174.719469	0	188	11.5	0.119488	20.1	100512	0.001:0.001:-1.009	0.1:0.1:0.3
181	175.589472	0	161	9.8	0.120136	20.1	100511	-0.005:-0.009:-1.003	0.2:-0.0:0.2
182	175.730922	0	2206	134.7	0.120789	20.1	100511	-0.002:-0.002:-1.003	-0.1:0.1:0.2
183	175.924249	0	185	11.3	0.121493	20.1	100511	0.004:-0.001:-0.990	0.2:-0.0:0.3
184	176.487596	0	146	9.0	0.122173	20.1	100510	0.001:0.001:-0.995	0.0:-0.2:0.4
185	177.015502	0	828	50.5	0.122825	20.1	100510	0.001:-0.001:-0.998	0.2:0.1:-0.0
186	178.647869	0	660	40.3	0.123481	20.1	100508	-0.007:0.011:-1.002	-0.0:-0.1:0.1
187	179.457820	0	430	26.3	0.124177	20.1	100508	-0.001:0.002:-0.996	0.1:0.1:0.2
188	179.904383	0	878	53.8	0.124883	20.1	100508	-0.007:-0.004:-1.003	-0.0:-0.0:0.3
189	180.017435	0	177	10.8	0.125544	20.1	100508	0.001:-0.002:-0.996	0.0:-0.2:0.2
190	180.342258	0	554	34.0	0.126197	20.1	100508	-0.005:0.002:-1.007	0.1:-0.0:0.2
191	180.825130	0	243	14.9	0.126847	20.1	100510	-0.002:0.003:-0.997	0.1:-0.0:0.3
192	180.862281	0	1236	75.6	0.127491	20.1	100510	0.002:0.005:-1.003	-0.0:-0.1:0.2
193	181.699815	0	309	18.8	0.128145	20.1	100510	0.000:-0.000:-1.003	0.1:-0.1:0.2
194	182.248363	1	905	55.1	0.128821	20.1	100510	0.003:-0.001:-0.992	0.0:0.0:0.3
195	183.119964	0	504	30.8	0.129482	20.1	100509	-0.002:-0.003:-1.002	0.0:0.0:0.2
196	183.475989	0	413	25.2	0.130146	20.1	100509	-0.002:0.004:-1.001	0.1:-0.1:0.3
197	183.713733	0	218	13.3	0.130794	20.1	100508	-0.004:0.003:-0.993	-0.0:-0.2:0.2
198	186.646424	0	334	20.5	0.131435	20.1	100507	-0.002:-0.002:-1.002	0.2:-0.2:0.2
199	187.837547	0	1152	70.4	0.132104	20.1	100509	0.002:0.000:-1.003	0.0:0.0:0.2
200	187.960390	0	511	31.2	0.132785	20.1	100509	-0.004:0.001:-1.004	0.0:-0.0:0.4
201	188.913046	0	301	18.4	0.133452	20.1	100509	-0.001:0.008:-0.996	0.1:-0.1:0.2
202	189.019713	0	331	20.2	0.134154	20.1	100509	0.002:-0.000:-1.003	-0.1:0.1:0.1
203	189.104448	0	291	17.8	0.134869	20.1	100509	-0.002:-0.003:-1.007	0.0:-0.0:0.1
204	189.145973	0	756	46.2	0.135531	20.1	100509	0.000:0.004:-1.013	-0.1:-0.2:0.3
205	189.443830	0	114	7.0	0.136192	20.1	100509	-0.001:-0.005:-0.994	0.1:0.0:0.2
206	190.737813	0	310	18.9	0.136848	20.1	100508	0.002:0.004:-1.005	0.1:0.1:0.1
207	191.083533	0	751	45.9	0.137485	20.1	100507	-0.003:0.001:-1.000	0.0:-0.0:0.3
208	191.299635	0	1046	63.9	0.138150	20.1	100507	-0.004:-0.001:-0.987	-0.0:-0.0:0.2
209	192.468726	0	225	13.8	0.138791	20.1	100507	-0.006:0.005:-1.009	0.0:0.1:0.3
210	194.486537	0	268	16.4	0.139444	20.1	100507	0.003:0.004:-0.997	0.1:-0.1:0.3
211	195.181998	0	714	43.7	0.140094	20.1	100507	-0.006:0.001:-0.995	0.0:0.0:0.2
212	196.594344	0	483	29.5	0.140744	20.1	100509	-0.003:-0.001:-0.995	0.1:-0.0:0.3
213	196.609549	0	467	28.6	0.141401	20.1	100509	-0.001:0.010:-0.991	-0.1:-0.2:0.2
214	196.659185	0	237	14.5	0.142046	20.1	100509	0.003:0.005:-1.006	-0.0:0.0:0.2
215	198.658107	1	917	56.1	0.142735	20.1	100509	0.001:0.000:-1.006	-0.1:-0.0:0.3
216	199.648350	1	1205	73.7	0.143422	20.1	100509	-0.005:0.004:-1.003	0.1:-0.2:0.1
217	199.874589	1	989	60.5	0.144137	20.1	100508	0.002:0.002:-1.004	0.0:-0.0:0.3
218	201.112256	0	289	17.7	0.144828	20.1	100507	-0.002:-0.000:-0.993	0.1:-0.1:0.3
219	203.652021	0	235	14.4	0.145510	20.1	100513	0.002:-0.003:-1.003	-0.1:0.0:0.3
220	204.387583	1	1042	63.7	0.146184	20.1	100513	-0.009:0.001:-0.994	-0.1:0.0:0.2
221	206.867284	0	472	28.8	0.146854	20.1	100512	-0.004:0.010:-0.994	0.0:-0.2:0.2
222	209.914086	0	284	17.3	0.147511	20.1	100512	0.004:0.006:-1.003	0.2:0.1:0.1
223	210.210923	0	251	15.4	0.148181	20.1	100512	-0.002:0.006:-1.005	0.1:0.0:0.3
224	212.545431	1	1167	71.4	0.148894	20.2	100513	-0.001:0.004:-1.003	0.0:-0.1:0.3
225	212.799643	0	578	35.3	0.149569	20.2	100513	0.003:0.003:-0.999	0.0:-0.0:0.2
226	214.195657	0	283	17.3	0.150217	20.2	100513	-0.001:0.001:-1.003	-0.0:-0.1:0.2
227	214.986234	0	810	49.5	0.150877	20.2	100513	0.002:0.002:-1.008	-0.0:-0.3:0.2
228	215.348023	0	1370	83.9	0.151525	20.2	100513	0.005:-0.001:-0.995	0.0:-0.1:0.1
229	215.909227	0	644	39.4	0.152206	20.2	100512	0.001:-0.002:-1.002	0.0:-0.2:0.1
230	216.319939	0	684	41.8	0.152856	20.2	100512	-0.004:-0.002:-1.005	0.2:-0.0:0.2
231	217.041327	0	322	19.6	0.153523	20.2	100512	-0.004:-0.002:-1.002	-0.1:0.0:0.2
232	218.497031	1	1080	65.9	0.154201	20.2	100512	-0.004:-0.001:-0.996	0.1:-0.0:0.2
233	218.709235	0	194	11.9	0.154854	20.2	100515	-0.000:0.004:-0.999	0.1:-0.0:0.4
234	220.084391	0	211	12.9	0.155510	20.2	100514	0.000:-0.007:-1.006	0.1:0.2:0.3
235	220.314446	0	367	22.4	0.156174	20.2	100514	0.001:-0.002:-0.999	-0.0:0.1:0.2
236	220.551340	0	773	47.4	0.156888	20.2	100513	-0.001:-0.002:-0.998	0.1:-0.0:0.1
237	222.281817	0	1170	71.4	0.157569	20.2	100513	-0.001:-0.000:-0.998	-0.0:-0.1:0.3
238	223.566251	0	502	30.7	0.158227	20.2	100512	0.000:0.003:-1.000	0.2:-0.1:0.1
239	223.895704	0	1366	83.5	0.158894	20.2	100512	-0.001:0.002:-0.995	0.1:-0.0:0.2
240	224.332623	0	184	11.2	0.159544	20.2	100512	-0.001:0.001:-0.996	0.1:0.0:0.2
241	224.510127	0	857	52.4	0.160194	20.2	100512	0.002:0.001:-1.003	0.1:0.1:0.2
242	224.670717	0	411	25.2	0.160838	20.2	100512	0.001:-0.001:-0.999	-0.1:-0.2:0.2
243	225.089619	1	1752	107.3	0.161528	20.2	100512	0.002:-0.000:-0.997	0.3:0.0:0.2
244	226.375786	0	516	31.5	0.162182	20.2	100511	-0.005:0.004:-1.004	-0.0:-0.1:0.2
245	226.972064	0	946	57.8	0.162842	20.2	100511	-0.004:-0.005:-0.996	0.0:0.1:0.2
246	227.046430	0	1497	91.5	0.163521	20.2	100511	0.001:0.007:-0.997	0.3:-0.1:0.2
247	227.142958	0	321	19.6	0.164197	20.2	100511	-0.005:-0.005:-1.001	0.1:-0.0:0.5
248	227.639444	0	586	35.8	0.164871	20.2	100510	-0.002:-0.004:-1.001	0.1:-0.0:0.2
249	229.419937	0	206	12.6	0.165511	20.2	100512	-0.008:-0.001:-1.006	0.2:-0.1:0.1
250	229.914093	0	566	34.6	0.166172	20.2	100512	-0.003:-0.004:-1.012	0.1:0.1:0.2
251	230.818264	1	1190	72.9	0.166853	20.2	100512	-0.001:0.006:-1.001	0.1:0.2:0.4
252	233.090759	0	221	13.5	0.167531	20.2	100510	0.002:0.002:-1.009	-0.0:-0.1:0.2
253	233.127448	0	418	25.6	0.168229	20.2	100510	-0.004:-0.006:-1.001	-0.1:-0.1:0.3
254	233.210612	0	352	21.5	0.168896	20.2	100510	0.000:-0.002:-0.999	0.1:-0.1:0.3
255	233.484738	0	220	13.5	0.169545	20.2	100510	0.000:0.001:-1.002	0.0:-0.2:0.3
256	233.858201	0	821	50.2	0.170205	20.2	100509	-0.001:-0.004:-0.997	0.1:-0.0:0.2
257	234.843031	1	244	15.0	0.170877	20.2	100509	-0.003:0.002:-1.001	0.1:-0.0:0.3
258	236.176513	0	137	8.4	0.171550	20.2	100511	0.005:-0.000:-0.999	-0.0:-0.1:0.2
259	236.597352	0	385	23.6	0.172277	20.2	100511	-0.000:-0.007:-0.996	0.0:-0.1:0.2
260	237.606025	0	633	38.8	0.172936	20.2	100510	0.001:0.003:-0.995	0.0:0.1:0.4
261	237.932685	0	609	37.2	0.173605	20.2	100510	0.001:-0.004:-0.993	0.1:-0.1:0.3
262	240.720500	0	131	8.0	0.174260	20.2	100509	0.002:-0.002:-1.001	-0.1:-0.1:0.2
263	240.886945	0	533	32.5	0.174895	20.2	100509	-0.003:-0.004:-1.006	-0.0:0.1:0.2
264	241.093154	0	217	13.3	0.175563	20.2	100509	-0.004:0.007:-0.992	-0.0:-0.1:0.1
265	241.555572	0	259	15.9	0.176268	20.2	100508	-0.002:-0.004:-1.003	0.0:-0.1:0.3
266	241.743087	0	197	12.1	0.176941	20.2	100508	-0.009:-0.002:-1.004	0.2:-0.1:0.1
267	242.582988	1	1691	103.1	0.177614	20.2	100510	0.002:-0.001:-1.002	-0.1:0.0:0.4
268	242.683574	1	138	8.4	0.178299	20.2	100510	-0.005:-0.000:-0.998	0.2:-0.1:0.2
269	243.869042	0	312	19.1	0.178943	20.2	100509	-0.001:-0.005:-0.989	0.1:-0.0:0.3
270	245.169586	0	154	9.4	0.179590	20.2	100509	-0.000:-0.002:-1.007	0.1:-0.0:0.2
271	245.403844	0	238	14.6	0.180249	20.2	100509	-0.005:0.003:-1.004	0.1:-0.2:0.2
272	246.033077	0	691	42.4	0.180913	20.2	100508	-0.003:-0.006:-0.994	0.2:-0.2:0.3
273	247.020234	0	852	52.1	0.181560	20.2	100508	-0.005:0.005:-1.002	0.1:-0.1:0.3
274	250.048221	0	600	36.7	0.182248	20.2	100508	-0.001:0.007:-0.999	0.0:0.0:0.2
275	250.592406	0	86	5.3	0.182925	20.2	100508	0.002:0.000:-1.001	-0.1:-0.0:0.2
276	250.899619	0	594	36.3	0.183568	20.2	100508	-0.004:-0.001:-1.002	0.1:-0.1:0.2
277	252.537639	0	812	49.6	0.184243	20.2	100510	0.000:-0.004:-1.002	-0.1:0.0:0.2
278	253.617609	0	235	14.3	0.184941	20.2	100510	-0.004:-0.004:-1.000	0.2:-0.1:0.2
279	254.839432	0	306	18.7	0.185598	20.2	100509	-0.005:-0.006:-1.004	0.2:-0.1:0.1
280	255.564729	0	841	51.4	0.186268	20.2	100509	-0.001:-0.002:-1.002	0.0:0.0:0.2
281	256.388138	0	298	18.2	0.186916	20.2	100509	-0.004:-0.005:-0.997	0.0:0.0:0.1
282	256.783379	0	190	11.6	0.187560	20.2	100509	0.004:-0.010:-1.002	0.3:0.1:0.3
283	257.010642	0	628	38.3	0.188217	20.2	100508	0.000:0.002:-1.013	0.1:-0.1:0.1
284	258.539878	0	241	14.7	0.188870	20.3	100508	-0.004:0.005:-0.994	0.0:-0.0:0.3
285	258.763519	0	1078	65.8	0.189547	20.3	100509	-0.003:-0.000:-1.005	0.1:-0.1:0.1
286	260.397462	0	146	8.9	0.190201	20.3	100508	0.001:-0.001:-1.001	-0.0:0.1:0.2
287	263.189616	0	257	15.7	0.190868	20.3	100510	0.004:0.006:-0.990	0.0:-0.0:0.2
288	263.311946	0	896	54.7	0.191561	20.3	100510	0.000:0.002:-0.996	0.2:0.1:0.2
289	264.130793	0	237	14.4	0.192264	20.3	100510	-0.004:0.001:-1.005	-0.0:0.1:0.3
290	266.603395	0	1065	65.2	0.192925	20.3	100508	-0.002:0.002:-1.002	0.1:0.0:0.2
291	267.513844	0	400	24.5	0.193582	20.3	100508	-0.001:-0.004:-1.001	0.1:0.0:0.2
292	269.042127	0	1161	71.0	0.194260	20.3	100507	0.004:-0.000:-0.992	0.1:0.1:0.4
293	269.540488	1	1673	102.3	0.194940	20.3	100507	0.000:0.005:-0.990	0.2:-0.1:0.2
294	269.858766	0	257	15.7	0.195584	20.3	100507	-0.001:0.003:-0.996	0.1:-0.0:0.2
295	271.954341	0	160	9.8	0.196241	20.3	100511	-0.005:-0.001:-1.003	0.0:0.1:0.3
296	274.683353	0	345	21.0	0.196883	20.3	100511	0.000:-0.003:-0.998	0.0:0.1:0.2
297	275.249385	0	519	31.6	0.197576	20.3	100511	0.004:-0.004:-1.001	0.1:0.1:0.2
298	278.044238	0	180	11.0	0.198285	20.3	100510	-0.006:0.003:-1.002	0.0:0.1:0.4
299	278.292572	0	434	26.5	0.198973	20.3	100510	0.001:-0.006:-1.002	0.1:0.0:0.2
300	278.690272	0	503	30.7	0.199624	20.3	100510	0.002:-0.001:-0.998	0.1:-0.1:0.3
301	279.129531	0	237	14.5	0.200299	20.3	100510	-0.002:0.002:-0.995	-0.3:-0.0:0.4
302	283.202356	1	1197	73.2	0.201010	20.3	100511	-0.009:-0.007:-1.033	-1.0:-0.6:0.0
303	283.930120	0	298	18.2	0.201666	20.3	100511	0.000:-0.005:-0.998	0.0:-0.2:0.4
304	284.159019	0	438	26.8	0.202338	20.3	100510	0.000:-0.001:-0.999	-0.0:0.0:0.3
305	284.230698	0	254	15.5	0.203010	20.3	100510	-0.003:0.003:-0.998	-0.1:0.1:0.2
306	284.678927	0	108	6.6	0.203664	20.3	100510	-0.004:-0.004:-0.995	0.1:0.0:0.2
307	284.888031	0	587	36.0	0.204312	20.3	100510	-0.003:0.006:-0.994	-0.0:-0.1:0.2
308	285.733647	0	226	13.8	0.204975	20.3	100510	-0.004:0.008:-0.996	-0.0:-0.2:0.3
309	286.013664	0	1906	116.3	0.205670	20.3	100510	-0.003:-0.001:-1.003	0.0:-0.0:0.3
310	286.031867	0	909	55.5	0.206332	20.3	100510	-0.001:0.011:-1.000	0.1:-0.1:0.3
311	287.936603	0	332	20.3	0.206972	20.3	100510	-0.006:0.002:-1.002	0.2:-0.1:0.3
312	289.034445	0	236	14.4	0.207604	20.3	100508	0.010:0.001:-1.010	0.0:-0.0:0.3
313	292.630873	0	1169	71.5	0.208248	20.3	100509	0.001:0.001:-1.002	-0.1:-0.1:0.3
314	295.156176	0	1376	84.1	0.208906	20.3	100509	-0.002:-0.001:-1.008	-0.1:-0.1:0.2
315	296.252112	0	347	21.2	0.209589	20.3	100508	-0.007:-0.004:-0.996	-0.1:-0.0:0.2
316	297.034993	0	574	34.9	0.210282	20.3	100508	-0.009:0.002:-0.995	0.1:0.1:0.3
317	297.475236	0	229	14.0	0.210928	20.3	100507	-0.002:0.002:-1.003	-0.0:0.0:0.1
318	297.824291	0	1295	79.0	0.211574	20.3	100507	0.000:-0.003:-0.997	0.2:-0.1:0.4
319	298.421811	0	194	11.9	0.212222	20.3	100507	0.004:0.005:-1.000	-0.0:-0.1:0.3
320	299.334741	0	193	11.8	0.212897	20.3	100510	0.001:0.002:-1.004	-0.1:-0.0:0.2
321	299.585602	0	864	52.7	0.213575	20.3	100510	-0.002:-0.005:-1.002	-0.0:-0.1:0.3
322	301.976662	0	572	34.9	0.214235	20.3	100508	-0.005:-0.001:-1.003	-0.0:-0.1:0.4
323	302.144806	0	193	11.8	0.214894	20.3	100508	0.000:-0.005:-0.993	-0.0:-0.1:0.2
324	302.188567	0	661	40.4	0.215544	20.3	100508	0.007:-0.003:-1.002	0.1:-0.2:0.3
325	303.398826	0	3050	186.9	0.216214	20.3	100507	0.001:0.003:-0.999	0.0:-0.0:0.3
326	303.909028	0	918	56.1	0.216876	20.3	100507	-0.009:0.000:-0.997	0.1:-0.0:0.3
327	304.242705	0	419	25.6	0.217524	20.3	100507	-0.007:-0.006:-1.000	0.0:0.0:0.2
328	305.026263	0	190	11.6	0.218171	20.4	100507	-0.008:0.002:-1.001	0.0:0.2:0.3
329	306.338156	1	1250	76.4	0.218843	20.4	100506	-0.007:0.007:-1.000	0.0:-0.1:0.3
330	306.981355	0	89	5.4	0.219526	20.4	100506	-0.001:0.004:-1.003	0.1:0.0:0.2
331	307.211780	0	339	20.6	0.220211	20.4	100506	-0.007:0.003:-1.004	-0.1:-0.2:0.3
332	307.966042	0	688	41.9	0.220875	20.4	100506	0.000:-0.009:-0.994	0.1:0.1:0.3
333	309.111269	0	418	25.5	0.221548	20.4	100506	-0.002:-0.002:-0.991	-0.0:0.1:0.3
334	309.388009	0	93	5.7	0.222205	20.4	100506	-0.006:0.002:-1.006	0.0:-0.1:0.1
335	310.106802	0	463	28.3	0.222853	20.4	100508	-0.006:-0.003:-0.993	0.0:-0.2:0.4
336	311.238535	0	625	38.2	0.223499	20.4	100508	0.003:0.000:-0.996	0.1:-0.1:0.1
337	311.470293	0	637	39.0	0.224148	20.4	100508	0.003:0.002:-0.996	0.0:-0.2:0.2
338	312.066245	0	685	41.9	0.224796	20.4	100508	-0.003:0.001:-1.005	0.0:0.1:0.3
339	312.230247	0	277	16.9	0.225437	20.4	100508	-0.006:0.004:-0.999	0.0:-0.0:0.3
340	313.687880	0	741	45.3	0.226089	20.4	100507	-0.005:-0.001:-1.002	0.1:0.0:0.3
341	313.883547	0	1313	80.2	0.226758	20.4	100507	0.001:-0.000:-0.997	0.0:0.1:0.2
342	314.497547	0	380	23.2	0.227391	20.4	100507	0.002:-0.005:-1.002	0.0:-0.1:0.3
343	314.563857	0	1929	117.8	0.228054	20.4	100507	-0.004:-0.001:-0.998	-0.1:0.0:0.2
344	314.572037	0	397	24.3	0.228707	20.4	100507	-0.003:-0.001:-0.998	0.1:-0.0:0.3
345	315.569145	0	611	37.4	0.229361	20.4	100507	0.004:-0.000:-0.990	0.1:0.1:0.2
346	315.957249	0	356	21.7	0.230002	20.4	100507	0.002:0.005:-1.005	-0.1:0.0:0.2
347	318.283355	0	346	21.1	0.230648	20.4	100506	-0.002:0.005:-1.004	0.1:0.1:0.3
348	318.392922	0	2255	138.0	0.231337	20.4	100506	-0.004:-0.005:-1.003	0.1:-0.2:0.3
349	320.242921	0	257	15.7	0.232032	20.4	100506	-0.007:-0.001:-1.007	0.0:-0.1:0.3
350	320.331477	1	730	44.7	0.232712	20.4	100509	0.001:-0.000:-1.011	-0.0:-0.1:0.2
351	320.609463	0	2056	125.6	0.233368	20.4	100509	-0.002:0.004:-0.999	0.1:-0.0:0.2
352	320.615474	0	1390	84.9	0.234002	20.4	100509	-0.002:0.004:-0.999	0.1:-0.0:0.2
353	321.474101	0	387	23.6	0.234627	20.4	100508	-0.006:-0.004:-1.001	0.0:-0.1:0.3
354	321.874746	1	1484	90.6	0.235317	20.4	100508	0.004:0.005:-1.004	0.1:0.1:0.3
355	322.110232	0	496	30.3	0.235973	20.4	100508	-0.001:0.005:-1.005	-0.0:-0.1:0.4
356	323.445045	0	1642	100.3	0.236641	20.4	100508	-0.004:-0.005:-1.003	0.1:-0.2:0.1
357	325.228126	0	187	11.4	0.237297	20.4	100507	-0.002:0.002:-1.011	0.2:-0.1:0.2
358	329.105318	0	261	16.0	0.237968	20.4	100506	-0.005:0.001:-0.997	-0.1:-0.1:0.1
359	329.643409	0	453	27.6	0.238653	20.4	100506	0.000:-0.003:-1.003	-0.0:-0.2:0.2
360	329.704253	0	207	12.6	0.239340	20.4	100506	-0.003:-0.005:-0.997	0.1:-0.0:0.2
361	329.753791	0	254	15.5	0.240000	20.4	100506	-0.003:0.007:-0.996	0.0:-0.0:0.2
362	330.166607	0	449	27.4	0.240652	20.4	100506	-0.000:0.001:-1.006	-0.0:-0.1:0.1
363	330.695603	1	1040	63.5	0.241346	20.4	100508	0.004:0.005:-0.998	0.1:-0.1:0.1
364	331.441878	0	934	57.1	0.242014	20.4	100508	0.001:0.004:-1.002	0.1:0.1:0.2
365	331.727067	1	1053	64.4	0.242692	20.4	100508	-0.006:0.005:-1.000	0.0:-0.2:0.2
366	332.298675	0	261	16.0	0.243365	20.4	100508	-0.003:-0.007:-1.000	0.1:-0.0:0.2
367	332.744513	0	547	33.5	0.244030	20.4	100508	-0.006:0.004:-0.999	0.0:0.0:0.3
368	334.458243	1	3077	187.9	0.244711	20.4	100508	-0.001:-0.006:-1.003	0.1:-0.2:0.2
369	335.250039	0	1593	97.5	0.245381	20.4	100507	-0.002:-0.003:-0.998	0.1:0.1:0.3
370	335.659248	0	1156	70.7	0.246041	20.4	100507	-0.001:-0.003:-0.999	-0.1:-0.2:0.2
371	336.318450	1	1012	61.9	0.246729	20.4	100507	-0.004:0.005:-0.997	0.2:-0.1:0.3
372	337.126567	0	160	9.8	0.247402	20.4	100506	0.001:0.001:-1.004	-0.0:-0.1:0.3
373	338.064387	0	270	16.5	0.248052	20.4	100506	0.002:-0.002:-0.998	0.0:0.0:0.2
374	339.423415	0	162	9.9	0.248700	20.4	100506	-0.001:-0.002:-1.000	-0.0:0.1:0.2
375	339.698395	0	309	18.9	0.249394	20.4	100506	-0.002:-0.005:-1.000	0.0:0.2:0.3
376	339.956741	0	212	12.9	0.250084	20.4	100506	-0.003:0.001:-1.004	0.0:-0.1:0.3
377	340.127657	0	186	11.4	0.250762	20.4	100506	-0.006:0.000:-0.996	0.1:-0.1:0.1
378	340.850771	0	221	13.5	0.251415	20.4	100506	-0.002:0.004:-0.998	0.0:0.1:0.1
379	341.142577	0	208	12.7	0.252074	20.4	100506	-0.001:-0.007:-0.998	0.1:-0.0:0.2
380	343.210205	0	425	26.0	0.252728	20.4	100510	-0.005:-0.002:-0.993	0.1:-0.2:0.3
381	346.493254	1	2009	122.8	0.253416	20.4	100510	-0.010:0.001:-1.001	0.0:-0.1:0.3
382	346.661153	0	503	30.8	0.254087	20.4	100510	-0.003:0.001:-1.000	0.1:0.0:0.3
383	346.828603	0	1955	119.5	0.254759	20.4	100510	-0.003:-0.001:-0.999	0.0:-0.1:0.3
384	346.954263	0	129	7.9	0.255407	20.4	100510	-0.003:-0.002:-0.997	0.1:0.1:0.3
385	347.080806	0	713	43.5	0.256060	20.4	100510	0.007:0.001:-0.997	0.0:0.2:0.3
386	347.355470	0	284	17.4	0.256724	20.4	100510	0.003:-0.000:-1.007	0.0:-0.3:0.3
387	349.881746	0	973	59.4	0.257389	20.4	100512	-0.001:0.001:-1.003	0.0:-0.1:0.3
388	350.390238	0	707	43.3	0.258085	20.4	100512	-0.001:-0.001:-1.002	0.1:0.1:0.2
389	350.624151	1	240	14.7	0.258813	20.4	100512	-0.001:0.002:-1.001	-0.0:0.1:0.2
390	351.012580	0	441	27.0	0.259469	20.4	100512	0.004:0.001:-1.006	-0.1:-0.0:0.2
391	352.506990	0	1241	76.0	0.260133	20.4	100512	-0.002:0.000:-1.004	0.1:0.0:0.2
392	352.639352	0	176	10.8	0.260777	20.4	100512	0.000:-0.001:-1.009	0.1:0.1:0.2
393	352.995843	0	1403	85.7	0.261447	20.4	100511	-0.001:0.002:-1.000	0.0:-0.0:0.2
394	355.727164	0	319	19.5	0.262097	20.4	100511	0.002:0.003:-1.002	-0.0:-0.0:0.4
395	355.932100	0	248	15.2	0.262753	20.4	100511	0.002:-0.006:-0.994	0.1:0.0:0.3
396	359.403731	0	172	10.5	0.263412	20.5	100509	-0.001:0.002:-1.002	0.0:-0.0:0.3
397	359.509565	0	744	45.6	0.264067	20.5	100509	0.002:-0.003:-0.997	-0.1:-0.2:0.1
398	360.049578	1	1412	86.5	0.264745	20.5	100509	0.002:0.002:-0.997	0.1:-0.3:0.2
399	360.363307	0	477	29.1	0.265435	20.5	100509	-0.003:0.002:-1.005	0.0:-0.1:0.2
400	364.355632	0	144	8.8	0.266142	20.5	100511	0.001:-0.001:-0.998	-0.1:-0.0:0.1
401	372.049831	0	234	14.3	0.266801	20.5	100508	-0.000:-0.000:-1.005	0.1:-0.1:0.3
402	372.352195	0	160	9.8	0.267482	20.5	100508	0.004:0.005:-0.999	0.1:-0.1:0.1
403	372.364491	0	193	11.8	0.268170	20.5	100508	0.005:-0.004:-1.004	0.1:-0.0:0.3
404	373.082069	0	854	52.3	0.268824	20.5	100507	-0.002:-0.002:-1.002	0.1:-0.2:0.2
405	374.114736	0	255	15.6	0.269480	20.5	100507	-0.001:-0.001:-1.004	-0.0:-0.1:0.2
406	374.899098	0	221	13.5	0.270129	20.5	100510	-0.001:-0.002:-1.003	0.1:-0.1:0.3
407	375.178955	0	357	21.9	0.270796	20.5	100510	0.000:-0.006:-0.996	-0.0:0.0:0.2
408	377.117223	0	2278	139.1	0.271461	20.5	100508	0.004:0.001:-1.010	0.1:-0.1:0.3
409	378.080526	0	171	10.4	0.272122	20.5	100508	-0.001:-0.003:-1.000	0.1:0.0:0.2
410	379.808892	0	232	14.2	0.272776	20.5	100507	-0.000:0.002:-1.000	0.1:-0.2:0.2
411	380.364950	0	702	43.0	0.273423	20.5	100507	-0.001:-0.007:-1.004	0.0:-0.1:0.3
412	382.314052	0	1102	67.3	0.274085	20.5	100507	0.001:-0.002:-1.005	-0.1:0.0:0.2
413	383.691150	0	411	25.1	0.274757	20.5	100507	-0.008:0.001:-1.004	0.0:-0.2:0.2
414	384.160213	0	1189	72.6	0.275439	20.5	100507	-0.001:-0.001:-1.005	0.1:-0.0:0.2
415	384.842730	0	685	41.9	0.276102	20.5	100506	0.004:0.007:-1.009	0.1:-0.1:0.2
416	385.318340	0	1252	76.5	0.276755	20.5	100506	-0.001:0.004:-0.993	0.1:0.1:0.3
417	385.607523	0	202	12.3	0.277421	20.5	100509	-0.006:-0.000:-0.991	-0.0:-0.0:0.2
418	385.834308	1	1245	76.2	0.278115	20.5	100509	-0.002:0.001:-0.999	0.1:-0.2:0.1
419	389.921078	0	363	22.2	0.278775	20.5	100508	-0.003:-0.004:-1.001	0.1:-0.1:0.3
420	392.366092	0	291	17.8	0.279442	20.5	100507	0.005:0.000:-0.996	-0.0:-0.0:0.2
421	398.360660	0	296	18.1	0.280111	20.5	100508	-0.004:0.003:-1.002	0.2:0.0:0.2
422	398.915908	0	117	7.1	0.280804	20.5	100508	-0.001:0.005:-0.992	0.0:0.0:0.3
423	399.482219	0	351	21.6	0.281466	20.5	100508	-0.004:0.005:-0.999	0.1:-0.0:0.2
424	399.667051	0	234	14.3	0.282123	20.5	100508	-0.005:0.005:-1.004	0.1:-0.1:0.3
425	400.531633	0	1186	72.7	0.282785	20.5	100508	0.001:-0.003:-1.007	-0.0:-0.2:0.3
426	400.572067	0	1637	100.1	0.283456	20.5	100508	0.003:0.008:-1.000	-0.0:0.0:0.2
427	400.704960	0	229	14.0	0.284095	20.5	100508	-0.002:0.004:-0.995	0.1:-0.1:0.3
428	401.034880	0	161	9.8	0.284749	20.5	100508	-0.000:-0.003:-1.003	0.1:-0.2:0.2
429	402.312529	0	281	17.2	0.285396	20.5	100507	0.002:0.004:-1.002	-0.1:-0.0:0.2
430	402.500349	0	277	16.9	0.286064	20.5	100507	-0.004:0.005:-1.006	-0.0:-0.1:0.2
431	402.799853	0	532	32.6	0.286739	20.5	100507	-0.000:0.001:-1.002	0.1:0.0:0.2
432	403.144536	0	1506	92.1	0.287433	20.5	100506	-0.000:0.001:-1.005	-0.0:-0.0:0.3
433	403.153987	0	219	13.4	0.288087	20.5	100506	-0.005:0.001:-1.006	0.1:-0.0:0.1
434	404.375562	0	170	10.4	0.288728	20.5	100506	0.001:-0.004:-0.992	-0.0:-0.1:0.1
435	405.389390	0	348	21.3	0.289369	20.5	100506	0.003:0.004:-1.004	0.1:0.1:0.4
436	407.260628	0	525	32.1	0.290022	20.5	100508	-0.001:0.008:-1.005	0.1:-0.1:0.3
437	408.036858	0	145	8.9	0.290734	20.5	100508	-0.005:0.001:-0.993	0.0:-0.1:0.3
438	409.622113	0	249	15.2	0.291375	20.5	100508	-0.000:-0.005:-1.005	0.1:0.0:0.2
439	409.715910	0	201	12.3	0.292031	20.5	100508	-0.000:-0.002:-1.003	-0.1:0.0:0.3
440	409.977865	0	339	20.7	0.292706	20.5	100507	0.002:0.002:-0.999	0.0:-0.0:0.3
441	411.496265	0	182	11.1	0.293356	20.5	100507	-0.000:-0.000:-0.995	0.0:-0.1:0.2
442	412.153540	0	332	20.3	0.294005	20.5	100507	0.000:0.002:-1.009	0.1:-0.1:0.3
443	413.666357	0	220	13.4	0.294647	20.5	100507	0.003:0.003:-1.008	0.1:0.1:0.2
444	415.423446	0	566	34.6	0.295335	20.5	100507	-0.001:0.001:-1.002	0.0:-0.0:0.2
445	415.631200	0	1142	69.9	0.296024	20.5	100507	-0.006:0.003:-0.996	0.1:-0.1:0.3
446	416.650504	0	1021	62.3	0.296697	20.5	100509	-0.001:0.002:-0.999	0.0:-0.2:0.1
447	416.734027	0	195	11.9	0.297339	20.5	100509	0.001:-0.000:-0.998	-0.1:-0.1:0.1
448	417.727962	0	440	26.9	0.297986	20.5	100509	0.002:0.003:-1.002	0.1:-0.2:0.3
449	417.754635	0	176	10.7	0.298630	20.5	100509	-0.003:-0.000:-0.998	-0.1:0.1:0.2
450	417.885870	1	813	49.5	0.299317	20.5	100509	0.000:-0.004:-1.002	0.0:-0.1:0.3
451	420.075692	0	372	22.8	0.299977	20.5	100509	-0.002:0.002:-1.003	0.2:0.0:0.2
452	421.572445	1	820	50.0	0.300652	20.5	100507	-0.001:-0.001:-1.003	0.0:0.1:0.3
453	421.840262	0	478	29.2	0.301304	20.5	100507	-0.001:-0.002:-0.996	-0.0:-0.1:0.3
454	422.244239	0	249	15.2	0.301976	20.5	100507	0.000:-0.002:-1.006	0.0:-0.0:0.1
455	424.081636	0	145	8.8	0.302689	20.6	100507	-0.004:0.001:-0.997	-0.0:-0.3:0.3
456	424.218829	0	1266	77.5	0.303358	20.6	100507	0.007:0.003:-1.000	0.2:-0.1:0.3
457	425.929792	0	176	10.8	0.304064	20.6	100507	-0.004:0.004:-1.007	0.0:0.0:0.3
458	426.813881	1	1555	95.0	0.304758	20.6	100508	0.001:0.002:-0.995	0.0:-0.2:0.3
459	427.822578	0	513	31.2	0.305417	20.6	100508	-0.005:-0.001:-1.000	0.2:-0.1:0.3
460	428.892672	1	2386	145.9	0.306102	20.6	100507	-0.006:-0.002:-0.992	0.0:-0.0:0.2
461	428.923693	0	634	38.8	0.306761	20.6	100507	0.003:0.001:-1.006	0.1:-0.2:0.2
462	429.048674	1	1637	100.2	0.307440	20.6	100507	-0.001:-0.003:-1.000	0.1:-0.2:-0.0
463	432.374740	0	1202	73.3	0.308112	20.6	100513	-0.002:0.008:-1.015	0.1:-0.2:0.4
464	433.973102	0	848	51.8	0.308767	20.6	100512	-0.002:0.008:-0.996	0.1:0.1:0.3
465	434.344934	0	210	12.8	0.309433	20.6	100511	-0.001:0.002:-0.997	-0.1:-0.1:0.3
466	434.941186	0	1189	72.5	0.310115	20.6	100512	-0.005:0.004:-1.004	-0.0:-0.1:0.3
467	436.298302	1	264	16.2	0.310842	20.6	100511	0.001:-0.000:-1.000	0.1:0.1:0.4
468	436.935545	0	203	12.4	0.311496	20.6	100511	0.003:-0.002:-1.002	0.1:-0.0:0.3
469	437.214039	0	1349	82.4	0.312144	20.6	100511	-0.003:0.001:-1.003	0.0:-0.1:0.3
470	437.372054	0	305	18.6	0.312801	20.6	100511	-0.002:0.004:-1.001	0.1:-0.1:0.4
471	437.566845	0	554	33.8	0.313463	20.6	100510	-0.006:-0.001:-1.002	0.1:-0.1:0.3
472	439.698868	0	433	26.4	0.314116	20.6	100510	-0.005:-0.000:-1.010	0.1:-0.1:0.1
473	443.261754	0	540	33.0	0.314765	20.6	100512	-0.004:0.006:-1.000	-0.0:-0.2:0.2
474	444.757461	0	355	21.7	0.315425	20.6	100512	-0.002:0.002:-0.994	0.2:-0.1:0.2
475	446.328975	0	353	21.6	0.316096	20.6	100511	-0.004:-0.003:-0.999	0.0:0.1:0.3
476	447.896602	1	1309	79.9	0.316812	20.6	100511	-0.005:0.006:-0.999	0.1:0.0:0.1
477	447.962972	0	224	13.7	0.317492	20.6	100511	-0.001:0.001:-0.990	0.0:-0.2:0.2
478	450.217858	0	1341	82.0	0.318156	20.6	100510	-0.002:0.003:-1.002	0.2:-0.1:0.1
479	451.571708	0	310	18.9	0.318880	20.6	100510	-0.003:-0.001:-0.996	-0.0:0.1:0.2
480	452.174416	0	186	11.4	0.319536	20.6	100510	0.006:0.006:-1.000	0.1:-0.2:0.2
481	454.651058	0	227	13.9	0.320226	20.6	100510	0.003:0.009:-1.003	0.1:0.0:0.2
482	454.723213	0	215	13.2	0.320909	20.6	100510	-0.005:0.007:-0.990	-0.0:-0.0:0.2
483	455.295832	0	257	15.7	0.321568	20.6	100510	0.006:-0.001:-0.997	0.0:-0.1:0.2
484	455.355178	0	629	38.4	0.322252	20.6	100510	0.006:-0.001:-0.997	0.0:-0.1:0.2
485	455.474187	1	652	39.9	0.323066	20.6	100510	-0.001:-0.006:-1.003	-0.0:-0.1:0.1
486	458.122402	0	405	24.7	0.323758	20.6	100512	-0.004:0.001:-0.998	0.0:-0.0:0.2
487	458.946283	1	2643	161.3	0.324432	20.6	100512	0.001:0.001:-1.004	-0.1:-0.1:0.1
488	459.765136	0	550	33.6	0.325094	20.6	100511	-0.008:-0.007:-0.997	0.1:-0.2:0.2
489	459.831284	0	388	23.8	0.325747	20.6	100511	-0.000:0.002:-1.002	-0.0:0.1:0.2
490	461.507748	0	508	31.0	0.326416	20.6	100511	-0.006:-0.001:-0.996	0.0:-0.0:0.3
491	461.638347	0	179	10.9	0.327061	20.6	100511	-0.001:0.010:-1.005	0.1:-0.1:0.1
492	462.545129	0	665	40.6	0.327731	20.6	100511	-0.007:-0.001:-0.994	0.0:-0.0:0.3
493	464.219850	0	1219	74.6	0.328429	20.6	100510	-0.003:-0.004:-0.993	0.0:-0.0:0.3
494	464.655174	0	283	17.2	0.329092	20.6	100510	-0.001:-0.002:-0.997	0.1:-0.1:0.2
495	465.163099	0	157	9.6	0.329762	20.6	100509	0.002:-0.003:-1.000	-0.0:-0.1:0.3
496	466.348841	0	184	11.2	0.330398	20.6	100509	-0.000:0.007:-1.003	-0.1:0.0:0.1
497	466.419095	0	243	14.9	0.331096	20.6	100509	0.004:0.003:-1.000	0.1:-0.1:0.1
498	468.709065	1	980	60.0	0.331829	20.6	100511	-0.001:-0.001:-0.986	0.0:0.1:0.3
499	469.817862	0	245	14.9	0.332498	20.6	100511	0.001:-0.009:-1.000	0.0:-0.0:0.3
500	473.004093	0	956	58.5	0.333151	20.6	100510	-0.001:-0.001:-1.003	0.0:-0.0:0.2
501	473.454498	0	259	15.8	0.333842	20.6	100511	-0.001:-0.000:-0.997	-0.0:-0.0:0.1
502	474.137409	0	193	11.8	0.334502	20.6	100511	0.001:0.000:-1.002	0.1:-0.1:0.2
503	476.583959	0	172	10.5	0.335164	20.6	100513	-0.004:0.009:-1.001	-0.1:-0.0:0.0
504	477.777174	0	350	21.3	0.335842	20.6	100513	-0.001:0.006:-1.003	0.1:-0.1:0.2
505	478.357357	0	483	29.5	0.336549	20.6	100513	-0.005:0.001:-0.993	0.1:0.1:0.2
506	478.423882	0	315	19.2	0.337212	20.6	100513	-0.000:-0.001:-1.003	0.0:-0.1:0.2
507	481.176721	0	833	51.0	0.337870	20.6	100512	-0.004:0.001:-1.001	0.0:-0.2:0.1
508	481.328301	1	1121	68.5	0.338546	20.6	100512	-0.001:-0.003:-1.000	0.0:-0.1:0.1
509	481.711727	0	261	16.0	0.339211	20.6	100512	-0.004:-0.001:-0.995	0.1:-0.1:0.2
510	485.558556	0	836	51.2	0.339868	20.6	100511	-0.008:-0.001:-1.000	-0.0:-0.2:0.3
511	485.996051	0	313	19.1	0.340524	20.6	100511	0.001:-0.002:-1.003	0.1:-0.0:0.1
512	486.311423	0	258	15.8	0.341181	20.7	100511	-0.004:-0.002:-1.003	-0.0:-0.1:0.4
513	486.837893	0	268	16.4	0.341820	20.7	100511	0.001:0.002:-1.003	-0.1:0.0:0.3
514	489.188454	0	130	7.9	0.342499	20.7	100510	-0.004:0.003:-1.004	-0.1:-0.0:0.1
515	489.654913	0	179	11.0	0.343188	20.7	100513	-0.006:-0.004:-0.998	0.0:-0.0:0.2
516	490.164576	0	142	8.7	0.343855	20.7	100513	0.002:-0.003:-1.005	0.0:-0.0:0.2
517	490.421171	0	160	9.8	0.344508	20.7	100513	0.007:-0.000:-1.011	0.2:-0.1:0.2
518	491.525001	0	1233	75.2	0.345175	20.7	100512	0.000:-0.004:-1.001	0.0:0.1:0.3
519	493.160679	1	973	59.4	0.345874	20.7	100512	-0.006:-0.002:-1.003	0.1:0.0:0.1
520	495.082921	0	1071	65.5	0.346559	20.7	100511	-0.001:0.001:-1.003	0.0:-0.0:0.1
521	499.388804	0	1636	100.0	0.347278	20.7	100510	0.002:0.007:-1.003	-0.1:-0.2:0.0
522	499.455910	0	468	28.6	0.347953	20.7	100510	-0.001:0.002:-1.013	0.1:0.2:0.2
523	500.722095	0	1295	79.2	0.348651	20.7	100510	-0.001:0.001:-1.005	0.0:-0.1:0.4
524	501.147369	0	316	19.3	0.349327	20.7	100510	0.001:-0.001:-0.998	0.2:-0.1:0.1
525	502.040832	0	776	47.4	0.349988	20.7	100510	-0.000:0.002:-1.001	0.1:-0.0:0.1
526	504.624390	0	716	43.6	0.350649	20.7	100514	-0.002:-0.003:-1.001	0.1:-0.1:0.2
527	504.688309	0	177	10.8	0.351302	20.7	100513	-0.002:0.001:-1.001	0.0:-0.0:0.3
528	505.536194	1	1548	94.5	0.351996	20.7	100513	-0.006:-0.007:-0.998	0.0:-0.3:0.3
529	508.175924	0	236	14.4	0.352680	20.7	100513	0.001:0.000:-1.001	-0.1:-0.0:0.2
530	508.503690	0	120	7.3	0.353323	20.7	100513	-0.004:-0.001:-0.996	0.1:-0.1:0.4
531	512.790923	1	1188	72.6	0.354019	20.7	100512	-0.006:0.001:-1.001	0.0:-0.2:0.3
532	512.992696	0	244	14.9	0.354713	20.7	100512	-0.006:-0.001:-1.002	0.1:-0.0:0.3
533	513.509188	0	252	15.4	0.355396	20.7	100512	-0.003:0.004:-1.000	0.1:0.1:0.3
534	515.606993	0	227	13.9	0.356050	20.7	100516	-0.000:-0.002:-1.000	0.1:0.1:0.2
535	516.961499	0	485	29.6	0.356715	20.7	100515	0.003:0.004:-1.005	0.1:-0.1:0.2
536	517.682298	0	996	61.0	0.357369	20.7	100515	0.001:0.002:-0.996	0.1:-0.1:0.3
537	518.019018	0	207	12.7	0.358019	20.7	100515	0.002:0.001:-0.999	-0.0:-0.0:0.2
538	518.466098	0	131	8.0	0.358692	20.7	100514	-0.001:0.003:-0.998	0.1:-0.1:0.2
539	518.565448	0	273	16.6	0.359342	20.7	100514	0.002:0.005:-0.999	0.1:-0.1:0.1
540	518.940676	0	793	48.3	0.360003	20.7	100514	-0.007:0.003:-0.995	0.1:-0.0:0.3
541	519.573214	0	671	41.1	0.360667	20.7	100513	0.002:0.004:-0.994	0.0:-0.2:0.3
542	521.108356	0	3282	201.0	0.361333	20.7	100514	-0.000:-0.000:-1.008	0.1:0.0:0.3
543	521.253592	0	627	38.2	0.361966	20.7	100513	-0.007:0.007:-1.004	-0.1:-0.0:-0.1
544	521.582148	0	618	37.7	0.362608	20.7	100513	0.005:0.007:-0.995	0.2:-0.1:0.2
545	523.555567	0	1986	121.5	0.363269	20.7	100513	0.000:-0.002:-1.001	-0.0:-0.2:0.2
546	524.389613	0	1223	74.6	0.363948	20.7	100513	0.005:-0.003:-1.006	0.1:-0.2:0.1
547	525.741298	0	229	14.0	0.364646	20.7	100512	-0.005:-0.002:-1.002	0.1:0.0:0.2
548	525.891932	0	302	18.4	0.365311	20.7	100512	-0.006:0.002:-0.995	-0.1:-0.1:0.2
549	525.956913	0	1166	71.4	0.365962	20.7	100512	0.002:0.001:-0.999	0.0:0.1:0.2
550	527.498152	0	85	5.2	0.366613	20.7	100512	-0.002:0.003:-0.995	0.0:0.0:0.3
551	527.640661	0	259	15.8	0.367260	20.7	100512	-0.000:-0.001:-0.996	0.0:-0.2:0.3
552	527.863824	0	645	39.4	0.367913	20.7	100511	-0.003:0.003:-1.001	0.1:-0.2:0.3
553	528.310689	0	220	13.4	0.368569	20.7	100511	0.003:0.002:-1.006	-0.1:0.1:0.2
554	529.415142	0	406	24.8	0.369220	20.7	100515	0.005:-0.003:-1.004	0.1:-0.1:0.3
555	529.529976	0	329	20.1	0.369867	20.7	100515	0.000:-0.002:-1.002	0.2:0.1:0.3
556	529.646817	0	211	12.9	0.370515	20.7	100515	0.002:0.002:-1.004	0.0:0.2:0.2
557	529.925582	0	373	22.7	0.371173	20.7	100515	-0.000:0.002:-1.000	0.2:-0.1:0.2
558	530.020934	0	379	23.2	0.371818	20.7	100514	0.002:0.002:-1.002	0.1:0.0:0.2
559	530.067372	0	1764	107.9	0.372473	20.7	100514	-0.002:0.003:-1.009	0.0:0.0:0.2
560	530.877265	0	323	19.7	0.373130	20.7	100514	-0.001:0.001:-1.000	0.1:-0.3:0.3
561	531.682694	0	501	30.7	0.373782	20.7	100514	0.001:-0.001:-1.003	-0.1:0.1:0.3
562	534.426966	0	193	11.8	0.374451	20.7	100513	0.003:0.001:-1.005	0.0:0.0:0.2
563	534.640167	0	1059	64.5	0.375130	20.7	100513	-0.000:0.001:-1.000	-0.1:0.1:0.3
564	537.672456	0	300	18.4	0.375819	20.7	100512	-0.004:0.002:-1.003	0.1:-0.1:0.3
565	537.946150	0	461	28.3	0.376493	20.7	100512	-0.003:0.001:-1.008	0.1:-0.0:0.1
566	540.650968	0	622	38.0	0.377134	20.7	100511	0.002:0.001:-0.998	0.2:0.0:0.3
567	540.658523	0	441	27.0	0.377774	20.7	100511	0.006:0.003:-1.003	0.1:-0.1:0.1
568	540.744700	0	208	12.7	0.378419	20.7	100511	0.001:0.003:-1.005	0.1:0.0:0.2
569	541.517441	0	1103	67.5	0.379071	20.7	100511	0.001:0.003:-1.003	0.2:0.0:0.3
570	542.946208	0	156	9.5	0.379744	20.7	100512	-0.002:-0.003:-0.999	0.2:-0.1:0.2
571	543.651389	0	137	8.4	0.380389	20.7	100512	-0.000:0.004:-1.000	0.2:-0.1:0.2
572	546.844307	1	1435	87.8	0.381068	20.7	100514	-0.003:0.003:-1.004	0.1:0.1:0.2
573	546.928703	0	955	58.4	0.381756	20.7	100514	0.006:0.003:-1.002	-0.0:0.1:0.2
574	546.947702	0	290	17.7	0.382448	20.7	100514	-0.003:-0.003:-1.003	-0.0:-0.1:0.2
575	548.971191	0	508	31.0	0.383112	20.8	100514	0.002:0.003:-1.001	-0.1:-0.0:0.3
576	549.917495	0	1553	94.9	0.383784	20.8	100514	-0.000:-0.002:-0.999	0.1:-0.0:0.3
577	550.548728	0	367	22.5	0.384447	20.8	100514	-0.004:-0.001:-1.002	0.1:-0.1:0.2
578	550.626493	0	339	20.7	0.385118	20.8	100514	0.001:-0.002:-0.997	0.0:-0.0:0.4
579	551.377989	0	725	44.3	0.385773	20.8	100514	-0.007:-0.000:-0.995	0.1:-0.0:0.2
580	552.427650	0	717	43.9	0.386446	20.8	100514	0.004:0.001:-1.000	0.0:-0.0:0.2
581	553.407568	0	949	57.9	0.387129	20.8	100514	0.001:0.005:-0.994	0.1:0.1:0.3
582	553.583933	0	227	13.9	0.387770	20.8	100515	-0.004:-0.000:-1.002	-0.1:-0.1:0.2
583	553.658694	1	929	56.9	0.388453	20.8	100515	-0.000:0.002:-1.004	0.1:-0.2:0.1
584	557.266697	0	192	11.7	0.389114	20.8	100517	-0.001:-0.004:-1.001	0.1:0.1:0.2
585	557.318726	0	1602	97.7	0.389799	20.8	100517	-0.001:-0.004:-1.001	0.1:0.1:0.2
586	559.747823	0	344	21.1	0.390487	20.8	100517	-0.002:-0.004:-0.999	0.0:0.0:0.4
587	562.424077	0	686	42.0	0.391185	20.8	100517	-0.002:0.001:-0.992	0.0:-0.0:0.2
588	562.562214	1	1065	65.0	0.391916	20.8	100517	-0.001:0.004:-0.998	0.1:-0.2:0.3
589	562.693012	0	636	38.9	0.392570	20.8	100517	-0.005:0.000:-1.007	0.1:0.0:0.3
590	562.962687	0	944	57.6	0.393246	20.8	100517	-0.001:-0.000:-1.006	0.0:-0.1:0.2
591	563.423265	0	519	31.7	0.393910	20.8	100517	-0.001:0.007:-1.003	0.1:-0.2:0.3
592	565.198722	0	175	10.7	0.394589	20.8	100517	0.001:-0.002:-0.993	0.2:-0.0:0.3
593	566.770471	0	72	4.4	0.395272	20.8	100516	-0.001:0.003:-1.006	0.1:-0.0:0.2
594	567.160454	0	1424	87.2	0.395918	20.8	100516	-0.003:0.004:-1.003	-0.0:0.1:0.2
595	567.412108	0	224	13.7	0.396584	20.8	100517	-0.000:-0.001:-1.003	0.1:-0.0:0.2
596	567.832879	0	166	10.2	0.397248	20.8	100517	-0.002:0.000:-0.993	0.1:0.0:0.3
597	568.644695	0	540	33.0	0.397947	20.8	100516	-0.004:0.004:-1.004	-0.1:-0.0:0.3
598	569.614498	0	698	42.7	0.398614	20.8	100518	0.000:0.001:-1.002	0.0:-0.1:0.2
599	570.152919	1	653	40.0	0.399280	20.8	100518	0.000:-0.001:-1.001	0.1:-0.0:0.3
600	571.206395	0	484	29.6	0.399930	20.8	100518	-0.005:-0.001:-0.999	0.1:-0.0:0.5
601	572.417689	0	102	6.2	0.400594	20.8	100517	0.004:-0.000:-1.010	0.2:-0.0:0.2
602	572.676905	0	1192	73.0	0.401280	20.8	100517	-0.005:0.005:-1.000	0.2:0.1:0.3
603	572.882236	1	1218	74.3	0.401962	20.8	100517	0.001:0.005:-0.998	0.1:0.2:0.2
604	573.597737	0	153	9.3	0.402632	20.8	100517	-0.001:0.001:-1.002	0.1:-0.1:0.3
605	574.221725	0	144	8.8	0.403307	20.8	100517	-0.000:0.004:-0.998	-0.0:-0.1:0.1
606	574.645667	0	330	20.2	0.403942	20.8	100517	-0.005:-0.001:-0.992	0.1:0.2:0.3
607	575.060945	0	137	8.4	0.404589	20.8	100516	-0.005:-0.001:-1.000	0.0:-0.0:0.2
608	575.573551	0	459	28.1	0.405237	20.8	100516	-0.006:0.006:-0.994	0.1:0.0:0.3
609	577.690345	0	281	17.2	0.405866	20.8	100515	-0.002:-0.006:-1.000	0.2:-0.1:0.3
610	578.783868	0	1093	66.8	0.406548	20.8	100515	-0.005:-0.002:-0.997	0.0:0.1:0.2
611	578.960218	1	1240	76.0	0.407276	20.8	100515	0.002:-0.001:-1.005	-0.0:-0.0:0.3
612	579.713000	0	622	38.1	0.407941	20.8	100515	-0.003:-0.001:-1.008	-0.0:-0.0:0.0
613	580.567605	0	700	42.8	0.408583	20.8	100515	-0.002:0.006:-1.003	0.1:0.0:0.3
614	580.798080	0	586	35.8	0.409239	20.8	100515	-0.000:0.001:-0.994	0.0:-0.0:0.2
615	581.870207	0	352	21.5	0.409896	20.8	100514	-0.006:-0.001:-0.997	0.1:-0.1:0.2
616	583.691913	0	211	12.9	0.410553	20.8	100513	0.008:0.002:-1.005	0.0:0.0:0.3
617	586.673295	0	648	39.7	0.411204	20.8	100514	-0.000:0.002:-0.999	0.2:0.1:0.4
618	588.281017	0	342	20.8	0.411845	20.8	100514	-0.002:-0.001:-1.001	0.1:0.0:0.3
619	588.498192	0	649	39.6	0.412528	20.8	100514	0.005:-0.004:-0.998	-0.0:-0.2:0.2
620	592.481523	0	396	24.2	0.413224	20.8	100513	-0.004:-0.000:-0.996	-0.0:-0.1:0.3
621	594.709766	0	1355	82.9	0.413884	20.8	100512	-0.005:0.005:-1.003	0.1:-0.1:0.3
622	595.574939	1	553	33.8	0.414565	20.8	100512	0.001:0.006:-1.001	0.1:-0.1:0.1
623	596.185343	0	181	11.1	0.415229	20.8	100511	-0.001:-0.005:-0.996	0.1:-0.1:0.2
624	598.173970	0	337	20.6	0.415874	20.8	100510	-0.002:-0.004:-0.997	-0.0:-0.1:0.2
625	598.682736	0	377	23.0	0.416533	20.8	100510	-0.001:0.000:-1.002	0.1:-0.2:0.1
626	598.696491	0	445	27.2	0.417190	20.8	100510	-0.001:0.000:-1.002	0.1:-0.2:0.1
627	601.091340	0	376	23.0	0.417877	20.8	100513	0.000:-0.002:-1.006	-0.0:-0.2:0.3
628	601.384085	0	225	13.7	0.418593	20.8	100512	-0.004:-0.003:-0.998	0.1:-0.2:0.3
629	602.642831	0	202	12.3	0.419278	20.8	100512	-0.002:-0.004:-0.998	-0.0:-0.1:0.3
630	604.607703	0	226	13.8	0.419964	20.8	100511	0.004:-0.003:-1.001	-0.1:-0.2:0.3
631	604.921650	0	300	18.4	0.420663	20.8	100511	0.001:-0.006:-1.001	0.0:-0.3:0.3
632	608.040401	0	404	24.7	0.421342	20.8	100509	0.001:0.004:-1.002	-0.0:-0.1:0.4
633	610.045212	0	820	49.9	0.422017	20.8	100509	-0.000:0.003:-1.000	0.1:-0.1:0.2
634	611.496154	0	260	15.8	0.422721	20.8	100509	-0.001:-0.004:-0.998	0.2:0.0:0.2
635	613.331456	0	189	11.6	0.423431	20.8	100509	0.001:0.002:-0.997	0.2:-0.0:0.2
636	615.304839	0	253	15.4	0.424106	20.8	100511	-0.001:0.005:-1.005	0.0:-0.0:0.3
637	616.347773	0	1124	68.8	0.424829	20.8	100511	-0.004:0.001:-1.001	0.0:-0.1:0.3
638	617.573478	0	181	11.1	0.425500	20.8	100511	0.000:-0.000:-0.998	0.1:-0.1:0.3
639	620.136182	0	303	18.6	0.426171	20.8	100510	-0.004:0.003:-1.000	0.1:-0.0:0.2
640	620.964863	0	503	30.7	0.426885	20.8	100510	0.004:-0.003:-0.995	0.0:0.2:0.2
641	622.797493	0	236	14.5	0.427603	20.8	100510	-0.004:-0.001:-1.006	0.0:-0.0:0.3
642	624.002653	0	94	5.8	0.428270	20.8	100510	-0.004:-0.007:-0.992	0.0:0.0:0.4
643	624.508581	0	267	16.3	0.428956	20.8	100510	-0.000:0.001:-1.008	-0.0:-0.1:0.3
644	625.045370	0	288	17.6	0.429625	20.8	100509	-0.003:-0.000:-1.004	-0.0:-0.2:0.4
645	625.878452	0	476	29.1	0.430301	20.9	100514	-0.002:0.004:-0.999	0.1:0.1:0.3
646	626.018667	0	387	23.6	0.430971	20.9	100514	-0.001:0.006:-1.006	-0.0:0.0:0.3
647	626.248765	0	561	34.2	0.431654	20.9	100514	-0.006:0.002:-1.004	0.1:-0.0:0.3
648	626.919422	0	100	6.1	0.432328	20.9	100514	-0.005:-0.005:-1.003	0.1:-0.1:0.4
649	627.028991	0	902	55.3	0.432998	20.9	100514	-0.002:0.009:-0.997	0.0:-0.0:0.3
650	627.165589	0	434	26.5	0.433689	20.9	100514	-0.002:0.004:-1.002	0.1:-0.2:0.3
651	627.596400	0	898	55.0	0.434365	20.9	100514	-0.002:-0.003:-1.007	0.2:-0.1:0.4
652	628.315744	0	170	10.4	0.435048	20.9	100514	0.002:0.004:-1.001	-0.0:-0.1:0.3
653	628.969904	0	1106	67.7	0.435718	20.9	100514	0.002:-0.002:-1.001	0.1:-0.1:0.4
654	630.572756	0	196	12.0	0.436381	20.9	100514	-0.005:-0.001:-0.994	-0.0:0.1:0.4
655	633.007709	0	1190	72.8	0.437100	20.9	100514	-0.006:-0.004:-0.998	0.1:0.0:0.3
656	634.358890	1	772	47.2	0.437851	20.9	100514	-0.006:0.001:-0.998	0.0:0.0:0.2
657	634.592934	0	510	31.1	0.438531	20.9	100514	-0.006:0.003:-0.995	-0.1:-0.1:0.2
658	635.505027	1	2158	132.3	0.439229	20.9	100514	0.000:-0.001:-1.005	0.1:0.0:0.3
659	637.114072	0	368	22.5	0.439903	20.9	100513	0.002:0.003:-1.006	-0.1:-0.1:0.3
660	640.219874	0	220	13.4	0.440584	20.9	100515	-0.003:0.001:-0.994	0.0:-0.2:0.1
661	640.258044	0	193	11.8	0.441244	20.9	100515	0.003:-0.004:-1.003	0.1:-0.2:0.2
662	640.508309	1	1082	66.3	0.441944	20.9	100515	-0.005:-0.003:-1.001	-0.0:-0.0:0.4
663	642.403302	0	259	15.8	0.442631	20.9	100515	0.001:0.002:-0.994	0.1:-0.0:0.3
664	643.483638	0	189	11.6	0.443342	20.9	100515	-0.005:0.004:-1.013	0.0:-0.2:0.4
665	643.732377	0	306	18.7	0.444064	20.9	100515	-0.003:-0.007:-1.001	0.1:-0.0:0.2
666	644.545308	0	1123	68.6	0.444762	20.9	100514	-0.002:-0.005:-0.993	0.1:-0.1:0.2
667	645.117320	0	964	58.9	0.445451	20.9	100514	0.005:-0.003:-1.003	0.1:-0.2:0.2
668	646.213714	0	189	11.6	0.446117	20.9	100513	-0.000:0.001:-0.999	0.1:0.1:0.2
669	646.323111	0	254	15.5	0.446783	20.9	100513	-0.004:-0.004:-0.995	0.0:-0.1:0.1
670	647.080543	0	1269	77.5	0.447461	20.9	100513	-0.001:-0.005:-0.997	-0.1:-0.0:0.3
671	651.140783	0	496	30.4	0.448142	20.9	100512	-0.004:0.002:-1.009	0.1:-0.1:0.3
672	652.739640	0	485	29.7	0.448810	20.9	100511	-0.003:0.005:-0.993	-0.1:-0.0:0.1
673	653.563250	0	338	20.7	0.449519	20.9	100511	0.000:-0.003:-1.006	0.1:-0.1:0.1
674	654.932211	0	821	50.2	0.450240	20.9	100511	0.002:0.002:-1.003	0.2:0.0:0.2
675	656.160844	0	885	54.1	0.450900	20.9	100511	-0.002:-0.001:-1.007	-0.1:-0.1:0.1
676	656.982740	0	1039	63.7	0.451574	20.9	100513	-0.004:0.011:-1.007	0.0:-0.0:0.2
677	659.298629	0	298	18.2	0.452254	20.9	100512	-0.004:0.005:-0.999	-0.1:-0.1:0.2
678	660.604926	0	887	54.2	0.452927	20.9	100512	-0.001:0.002:-0.999	-0.0:0.0:0.2
679	663.767330	0	1217	74.5	0.453603	20.9	100511	-0.005:-0.004:-1.003	0.2:-0.1:0.4
680	663.951853	0	371	22.7	0.454306	20.9	100511	-0.002:-0.001:-0.984	0.0:-0.1:0.4
681	664.854332	1	1689	103.2	0.455061	20.9	100511	0.002:-0.000:-1.002	0.1:0.1:0.2
682	665.440301	0	348	21.3	0.455753	20.9	100510	-0.002:0.000:-0.996	0.1:-0.0:0.2
683	665.798534	0	298	18.2	0.456504	20.9	100510	-0.005:-0.004:-0.998	0.2:0.0:0.3
684	668.490789	0	168	10.3	0.457181	20.9	100508	-0.003:0.001:-1.004	-0.0:0.0:0.1
685	669.539514	0	184	11.3	0.457856	20.9	100508	0.006:-0.005:-1.004	0.0:-0.1:0.3
686	669.568569	0	224	13.7	0.458526	20.9	100508	0.001:-0.000:-1.004	0.0:-0.2:0.3
687	670.443586	0	1696	103.4	0.459187	20.9	100508	-0.002:-0.005:-0.995	0.1:-0.0:0.3
688	670.819608	0	140	8.6	0.459862	20.9	100508	-0.006:-0.002:-1.000	0.0:0.0:0.2
689	671.429157	0	4006	244.5	0.460561	20.9	100508	0.003:0.008:-1.010	0.2:-0.0:0.2
690	672.087151	0	993	60.8	0.461236	20.9	100510	-0.007:-0.001:-1.001	-0.1:-0.1:0.2
691	672.864137	0	531	32.5	0.461911	20.9	100510	-0.001:-0.001:-0.997	0.1:0.0:0.3
692	675.183442	0	722	44.0	0.462588	20.9	100509	-0.003:0.002:-1.005	0.0:-0.0:0.2
693	675.826069	0	453	27.7	0.463321	20.9	100509	-0.004:0.004:-1.000	0.1:-0.1:0.2
694	676.222766	0	115	7.0	0.464039	20.9	100509	-0.002:-0.001:-0.997	0.0:-0.2:0.1
695	676.539326	0	1051	64.2	0.464727	20.9	100509	-0.002:-0.007:-1.004	0.0:0.0:0.2
696	677.422554	0	121	7.4	0.465405	20.9	100509	-0.000:0.001:-0.992	0.1:0.0:0.4
697	677.510687	0	1288	78.5	0.466088	20.9	100509	-0.002:0.004:-1.002	-0.0:0.0:0.1
698	677.870577	1	1288	78.6	0.466812	20.9	100509	0.003:0.006:-0.995	0.1:0.0:0.2
699	677.915261	1	1049	64.2	0.467499	20.9	100509	0.003:0.001:-0.994	0.0:-0.1:0.2
700	680.424190	0	359	21.9	0.468176	20.9	100509	-0.003:-0.001:-1.001	0.2:-0.1:0.2
701	681.833679	0	646	39.5	0.468858	20.9	100509	-0.004:0.004:-0.991	-0.0:-0.0:0.3
702	681.942450	1	1878	114.8	0.469572	20.9	100509	-0.001:0.000:-1.009	0.1:0.1:0.1
703	682.325927	0	187	11.4	0.470241	20.9	100509	-0.008:0.007:-1.002	0.1:0.0:0.2
704	683.788106	0	519	31.8	0.470932	20.9	100509	-0.003:0.003:-0.993	0.0:0.0:0.2
705	685.034266	0	740	45.3	0.471612	20.9	100509	-0.002:-0.003:-1.001	0.0:-0.0:0.2
706	685.929865	0	232	14.2	0.472296	20.9	100511	-0.005:0.004:-1.009	-0.0:0.0:0.1
707	686.070820	0	187	11.4	0.473015	20.9	100511	-0.002:-0.011:-1.005	-0.1:-0.0:0.2
708	687.234229	0	292	17.9	0.473742	20.9	100512	-0.003:-0.001:-1.007	-0.0:-0.1:0.3
709	688.410965	0	345	21.1	0.474425	20.9	100511	0.003:-0.002:-0.996	0.2:-0.3:0.1
710	689.598580	0	620	37.9	0.475125	20.9	100511	-0.007:0.002:-1.003	0.1:-0.0:0.1
711	689.878359	0	378	23.2	0.475846	20.9	100511	-0.006:0.004:-1.000	0.1:-0.1:0.2
712	691.462508	0	443	27.2	0.476522	20.9	100511	-0.001:-0.000:-1.009	0.1:-0.2:0.1
713	691.748347	0	184	11.3	0.477189	20.9	100511	-0.002:-0.002:-0.998	0.1:-0.1:0.3
714	692.151581	0	678	41.5	0.477872	20.9	100511	-0.002:0.003:-1.000	0.1:0.1:0.1
715	692.181527	0	325	19.9	0.478547	20.9	100511	-0.002:0.004:-1.003	-0.0:-0.0:0.2
716	699.891439	0	72	4.4	0.479204	20.9	100509	0.001:0.002:-0.995	0.1:-0.1:0.3
717	700.388641	0	938	57.4	0.479901	20.9	100509	-0.001:0.002:-1.002	-0.1:-0.1:0.2
718	700.742540	0	511	31.2	0.480635	20.9	100509	0.000:0.001:-1.002	0.1:0.0:0.1
719	703.380900	0	370	22.7	0.481324	21.0	100511	-0.005:-0.001:-1.000	0.0:-0.0:0.2
720	705.164224	0	284	17.4	0.481986	21.0	100510	0.007:-0.002:-0.997	0.1:-0.1:0.3
721	706.032022	1	893	54.6	0.482702	21.0	100510	-0.001:0.000:-1.002	0.1:0.1:0.3
722	706.301676	0	832	50.8	0.483387	21.0	100510	0.000:0.003:-0.995	-0.0:-0.0:0.2
723	706.521789	0	173	10.6	0.484040	21.0	100510	0.000:-0.002:-1.006	0.1:-0.1:0.2
724	708.325951	0	144	8.8	0.484720	21.0	100510	-0.003:-0.002:-1.003	0.1:0.2:0.1
725	708.503188	0	2678	163.6	0.485407	21.0	100510	-0.004:0.004:-0.996	0.1:-0.1:0.3
726	708.762833	0	176	10.8	0.486088	21.0	100510	-0.000:0.007:-0.996	-0.1:-0.2:0.3
727	709.640214	0	1105	67.7	0.486761	21.0	100510	-0.006:0.001:-0.999	0.1:0.0:0.2
728	711.311579	0	813	49.8	0.487450	21.0	100510	-0.003:-0.003:-1.003	0.2:-0.1:0.3
729	711.359209	0	494	30.2	0.488180	21.0	100510	-0.004:-0.001:-0.997	0.1:0.1:0.3
730	713.475180	0	269	16.5	0.488915	21.0	100511	-0.001:0.001:-1.005	0.1:0.1:0.3
731	716.173404	0	376	23.0	0.489610	21.0	100510	-0.003:-0.004:-0.997	0.0:-0.1:0.1
732	716.665651	0	527	32.3	0.490302	21.0	100513	-0.001:0.009:-1.007	-0.0:0.1:0.2
733	717.248856	0	260	15.9	0.490993	21.0	100513	0.005:0.008:-1.002	-0.1:0.0:0.3
734	717.400467	0	285	17.4	0.491652	21.0	100513	-0.002:0.006:-1.002	-0.0:0.0:0.2
735	718.173002	0	811	49.6	0.492327	21.0	100513	0.001:0.004:-0.996	0.0:0.0:0.4
736	718.806894	0	562	34.3	0.493000	21.0	100512	-0.008:-0.002:-1.002	0.1:-0.0:0.1
737	719.909903	0	1005	61.5	0.493693	21.0	100512	-0.004:-0.000:-1.003	0.1:-0.1:0.4
738	721.404806	1	1504	91.8	0.494412	21.0	100512	0.004:0.001:-0.993	0.1:-0.1:0.1
739	722.116817	0	217	13.3	0.495125	21.0	100512	-0.004:0.000:-0.996	0.1:0.0:0.3
740	724.471401	0	596	36.6	0.495843	21.0	100512	-0.003:0.005:-1.007	0.0:-0.0:0.2
741	724.763602	0	175	10.7	0.496522	21.0	100512	-0.002:0.003:-1.006	0.1:0.1:0.2
742	724.820108	0	85	5.2	0.497190	21.0	100512	0.001:-0.000:-0.992	-0.0:-0.1:0.2
743	725.265479	0	392	24.0	0.497857	21.0	100512	-0.000:-0.005:-1.003	-0.0:-0.0:0.3
744	726.059510	1	752	45.9	0.498584	21.0	100511	0.004:-0.001:-1.007	0.1:0.0:0.2
745	727.302975	0	109	6.7	0.499255	21.0	100512	0.000:-0.004:-0.994	-0.0:0.0:0.2
746	727.448935	0	1149	70.3	0.499953	21.0	100512	-0.002:-0.007:-1.000	0.0:-0.1:0.3
747	728.259582	0	1006	61.4	0.500654	21.0	100511	-0.004:-0.003:-1.002	0.0:-0.1:0.2
748	732.318018	0	269	16.4	0.501332	21.0	100510	0.002:-0.002:-1.002	0.0:-0.0:0.2
749	732.699349	0	310	18.9	0.502055	21.0	100510	0.001:-0.000:-1.005	0.1:-0.0:0.2
750	733.007543	0	483	29.5	0.502780	21.0	100510	-0.001:0.000:-1.000	0.1:-0.1:0.3
751	733.498564	0	1080	66.1	0.503482	21.0	100513	-0.000:0.002:-0.997	0.1:-0.1:0.2
752	734.457966	0	447	27.4	0.504159	21.0	100512	-0.007:-0.001:-1.000	0.1:-0.2:0.1
753	735.871678	0	1422	87.0	0.504871	21.0	100512	0.003:-0.006:-1.001	0.1:-0.1:0.2
754	736.832487	0	158	9.7	0.505573	21.0	100512	0.002:0.003:-1.001	0.0:-0.1:0.2
755	739.596618	1	1019	62.2	0.506289	21.0	100511	-0.004:-0.004:-1.005	-0.1:-0.0:0.3
756	740.659411	0	335	20.4	0.506970	21.0	100510	-0.000:-0.005:-0.998	0.0:-0.1:0.3
757	741.614430	0	460	28.1	0.507641	21.0	100510	-0.007:-0.001:-1.003	-0.0:-0.2:0.3
758	743.368064	0	321	19.6	0.508353	21.0	100510	-0.008:-0.002:-1.006	0.1:-0.1:0.3
759	744.730537	0	208	12.7	0.509063	21.0	100509	0.002:0.001:-0.996	0.2:-0.1:0.2
760	746.367968	0	87	5.3	0.509780	21.0	100509	-0.000:-0.002:-1.003	0.1:-0.0:0.2
761	747.219599	0	142	8.7	0.510454	21.0	100509	0.000:0.001:-1.000	0.0:-0.0:0.3
762	748.166098	0	441	27.0	0.511136	21.0	100508	-0.002:0.008:-1.006	0.1:-0.2:0.2
763	748.299397	0	256	15.7	0.511812	21.0	100508	-0.001:-0.004:-0.990	0.0:0.1:0.3
764	749.714095	0	241	14.8	0.512497	21.0	100513	-0.002:0.002:-0.997	0.1:-0.2:0.3
765	751.216816	0	182	11.1	0.513169	21.0	100513	-0.005:-0.001:-1.000	0.0:-0.0:0.3
766	752.311769	0	483	29.5	0.513855	21.0	100513	-0.001:-0.002:-1.000	0.1:-0.0:0.2
767	752.872950	0	767	46.9	0.514541	21.0	100512	-0.001:-0.002:-1.006	0.0:-0.3:0.2
768	753.784452	0	688	41.9	0.515212	21.0	100512	0.005:0.000:-1.011	0.0:-0.0:0.2
769	753.811891	0	313	19.1	0.515905	21.0	100512	0.005:0.000:-1.011	0.0:-0.0:0.2
770	754.269416	0	261	15.9	0.516604	21.0	100512	-0.005:0.002:-1.007	0.1:0.0:0.2
771	755.136104	0	157	9.6	0.517312	21.0	100512	0.000:0.002:-0.996	-0.0:-0.1:0.1
772	756.603823	0	251	15.4	0.518000	21.0	100512	-0.004:-0.002:-1.002	0.1:-0.2:0.2
773	757.760636	0	651	39.8	0.518683	21.0	100512	-0.002:-0.001:-1.003	-0.1:-0.0:0.3
774	758.173750	0	681	41.6	0.519369	21.0	100512	0.000:0.002:-1.011	0.1:0.1:0.3
775	758.856224	0	619	37.9	0.520063	21.0	100512	-0.004:0.001:-0.999	0.2:-0.0:0.1
776	760.316498	0	424	25.9	0.520728	21.0	100512	-0.001:0.003:-1.010	-0.0:0.1:0.2
777	760.622719	0	174	10.7	0.521412	21.0	100512	-0.003:0.006:-1.009	0.1:0.0:0.3
778	760.776135	1	1060	64.8	0.522126	21.0	100512	-0.006:-0.003:-0.992	-0.1:-0.1:0.3
779	761.421954	0	625	38.3	0.522808	21.0	100512	-0.000:0.001:-1.000	0.1:0.0:0.2
780	762.492251	0	486	29.7	0.523494	21.0	100512	-0.002:-0.002:-0.998	0.1:-0.2:0.1
781	763.735159	0	1020	62.4	0.524192	21.0	100511	0.002:-0.003:-1.003	0.0:0.0:0.2
782	764.187695	0	315	19.2	0.524921	21.0	100511	-0.004:-0.001:-1.010	0.1:0.2:0.2
783	764.310422	0	232	14.2	0.525623	21.0	100511	-0.002:0.001:-0.999	0.0:-0.1:0.2
784	765.053778	0	229	14.0	0.526341	21.0	100512	0.001:0.006:-1.004	0.1:-0.1:0.1
785	765.463593	1	941	57.4	0.527052	21.0	100512	-0.005:-0.005:-0.993	-0.0:0.0:0.3
786	766.447146	1	1543	94.5	0.527777	21.0	100514	0.002:-0.002:-0.995	-0.0:-0.1:0.3
787	767.181185	0	189	11.5	0.528468	21.0	100515	-0.005:0.005:-0.994	0.0:-0.2:0.2
788	767.958676	0	289	17.7	0.529148	21.0	100515	-0.012:-0.000:-0.996	-0.1:-0.2:0.4
789	770.636167	0	368	22.5	0.529823	21.0	100515	0.000:0.001:-1.004	-0.0:0.0:0.4
790	771.895731	0	490	30.0	0.530499	21.0	100515	-0.002:-0.001:-1.007	0.1:-0.0:0.3
791	772.357401	0	1439	87.9	0.531181	21.0	100515	-0.007:-0.001:-0.996	0.0:0.1:0.3
792	773.477177	1	217	13.2	0.531886	21.0	100515	0.000:-0.002:-0.998	-0.0:0.1:0.2
793	773.628124	0	546	33.4	0.532566	21.0	100515	-0.010:0.001:-0.995	0.1:-0.0:0.2
794	774.590059	0	144	8.8	0.533244	21.0	100516	-0.002:-0.004:-0.992	0.1:-0.1:0.3
795	774.907535	0	148	9.0	0.533966	21.0	100516	-0.005:-0.001:-1.008	0.1:-0.1:0.3
796	775.494414	0	275	16.9	0.534683	21.0	100516	-0.001:0.004:-0.996	0.1:-0.2:0.4
797	775.696728	0	296	18.1	0.535365	21.0	100516	-0.004:0.006:-0.999	0.1:-0.0:0.4
798	776.087488	0	306	18.7	0.536045	21.0	100517	0.000:0.002:-1.003	0.2:-0.1:0.2
799	777.642513	0	486	29.8	0.536722	21.0	100517	-0.004:0.002:-1.004	-0.0:-0.1:0.3
800	777.849605	0	1142	69.8	0.537397	21.0	100517	-0.005:-0.002:-1.003	0.0:0.2:0.2
801	778.320237	0	277	16.9	0.538079	21.0	100517	-0.003:-0.003:-1.002	0.0:-0.1:0.3
802	778.771950	1	1646	100.7	0.538798	21.0	100517	0.004:0.006:-1.004	-0.1:0.1:0.2
803	778.876796	0	160	9.8	0.539472	21.0	100517	0.002:-0.003:-1.002	-0.0:-0.1:0.3
804	780.967705	0	272	16.6	0.540145	21.0	100518	0.002:-0.005:-0.998	0.1:-0.3:0.4
805	781.193462	0	253	15.4	0.540795	21.0	100518	-0.005:-0.002:-1.003	0.1:-0.0:0.1
806	781.284985	0	257	15.7	0.541464	21.0	100518	-0.003:-0.002:-0.998	0.1:0.0:0.2
807	781.910899	0	488	29.8	0.542139	21.0	100521	-0.001:-0.006:-1.001	0.0:0.1:0.2
808	782.224230	0	567	34.7	0.542791	21.0	100521	-0.000:0.001:-0.993	0.0:-0.0:0.2
809	783.784497	0	117	7.1	0.543493	21.0	100521	-0.003:0.006:-1.000	-0.1:-0.1:0.2
810	784.142574	0	620	37.9	0.544207	21.0	100521	-0.006:0.008:-1.003	0.0:-0.1:0.3
811	785.701233	0	550	33.6	0.544887	21.0	100521	-0.005:0.005:-0.996	0.1:-0.0:0.3
812	785.857642	0	1649	100.6	0.545604	21.0	100521	0.000:0.000:-1.003	0.1:-0.0:0.3
813	786.947673	0	190	11.6	0.546335	21.0	100521	-0.004:-0.001:-0.999	-0.1:-0.2:0.2
814	787.439661	0	313	19.1	0.547035	21.0	100520	0.000:-0.002:-0.998	-0.0:-0.1:0.1
815	787.600602	0	179	10.9	0.547718	21.0	100520	-0.011:-0.006:-1.000	0.0:-0.2:0.3
816	787.631395	1	1099	67.4	0.548430	21.0	100520	-0.007:-0.000:-1.007	0.0:-0.1:0.2
817	788.381390	0	186	11.3	0.549115	21.0	100520	-0.005:0.000:-1.000	0.0:-0.2:0.3
818	789.215394	0	212	13.0	0.549790	21.0	100520	-0.004:0.000:-1.003	0.1:-0.1:0.2
819	791.343588	1	1538	94.0	0.550493	21.0	100519	0.002:0.001:-1.008	0.2:-0.1:0.3
820	791.653699	0	1475	90.3	0.551174	21.0	100519	-0.007:-0.002:-1.000	-0.0:-0.2:0.1
821	791.911464	0	268	16.4	0.551857	21.0	100519	0.001:0.005:-1.006	0.0:-0.1:0.3
822	792.147237	0	385	23.5	0.552531	21.0	100519	0.002:0.001:-1.004	0.2:-0.2:0.4
823	793.234800	0	283	17.2	0.553200	21.0	100519	-0.003:0.001:-0.998	0.1:0.0:0.4
824	793.461728	0	1172	71.7	0.553873	21.0	100519	-0.001:-0.006:-0.995	0.1:-0.1:0.2
825	793.901854	1	776	47.4	0.554585	21.0	100519	0.004:0.003:-1.003	-0.1:0.1:0.2
826	794.795503	0	142	8.7	0.555275	21.0	100518	-0.003:0.004:-0.999	0.1:0.1:0.3
827	794.809553	0	385	23.5	0.555940	21.0	100518	-0.001:-0.004:-1.002	-0.0:-0.1:0.3
828	797.485854	0	256	15.7	0.556628	21.0	100517	-0.001:0.000:-1.000	0.2:0.0:0.1
829	798.949183	0	2676	163.7	0.557339	21.1	100520	-0.001:-0.003:-0.999	0.0:0.0:0.3
830	799.006486	1	1086	66.3	0.558092	21.1	100520	-0.001:-0.002:-0.998	-0.1:-0.0:0.2
831	799.499625	0	842	51.4	0.558797	21.1	100520	-0.002:-0.001:-1.003	-0.0:-0.1:0.2
832	801.676133	0	820	50.1	0.559494	21.1	100520	-0.004:-0.003:-0.995	0.1:-0.0:0.3
833	803.566697	1	892	54.4	0.560213	21.1	100520	0.003:0.001:-0.998	0.1:-0.1:0.2
834	806.471871	0	269	16.5	0.560894	21.1	100519	0.002:-0.001:-1.000	-0.1:-0.1:0.3
835	806.745569	0	298	18.2	0.561569	21.1	100519	0.000:-0.001:-0.997	0.0:-0.1:0.2
836	806.875717	0	411	25.1	0.562248	21.1	100519	-0.001:0.005:-1.002	0.0:-0.0:0.3
837	806.937661	0	340	20.8	0.562931	21.1	100519	-0.004:-0.002:-0.998	0.3:-0.1:0.1
838	808.214184	0	194	11.9	0.563616	21.1	100518	-0.002:-0.005:-1.001	0.0:-0.3:0.1
839	809.021751	0	153	9.4	0.564330	21.1	100518	-0.001:-0.008:-0.997	0.1:-0.1:0.2
840	809.374963	0	318	19.4	0.565099	21.1	100518	-0.001:-0.000:-1.004	0.1:-0.1:0.2
841	809.576477	0	284	17.3	0.565776	21.1	100518	-0.003:-0.005:-0.994	-0.0:-0.1:0.2
842	809.606357	0	636	38.9	0.566452	21.1	100518	-0.003:-0.001:-0.996	0.1:-0.0:0.2
843	811.683577	0	173	10.6	0.567131	21.1	100518	0.000:-0.001:-0.999	0.0:0.1:0.2
844	812.670239	0	503	30.8	0.567812	21.1	100518	-0.004:-0.002:-0.999	0.1:-0.0:0.2
845	814.700768	0	254	15.5	0.568489	21.1	100517	-0.004:0.001:-1.002	0.1:0.2:0.3
846	814.890569	1	403	24.7	0.569215	21.1	100517	-0.000:-0.001:-1.001	-0.0:0.0:0.4
847	815.160153	0	1123	68.8	0.569885	21.1	100517	-0.003:-0.002:-0.992	0.1:0.1:0.3
848	815.481299	0	187	11.4	0.570598	21.1	100517	-0.004:0.005:-0.995	0.0:-0.2:0.3
849	816.708808	0	205	12.5	0.571277	21.1	100519	-0.003:0.000:-1.003	-0.1:-0.1:0.3
850	816.723748	0	473	28.9	0.571957	21.1	100519	-0.004:0.002:-1.001	0.2:-0.0:0.3
851	818.118427	0	481	29.4	0.572642	21.1	100518	0.000:0.005:-1.002	0.2:-0.0:0.2
852	818.146355	0	2724	166.4	0.573329	21.1	100518	-0.000:0.000:-0.995	-0.0:0.1:0.2
853	821.083863	0	258	15.7	0.574009	21.1	100518	-0.001:-0.001:-1.007	0.1:0.0:0.3
854	821.926502	0	362	22.1	0.574716	21.1	100517	-0.002:-0.005:-1.000	0.1:-0.0:0.3
855	822.713747	0	799	48.5	0.575421	21.1	100517	-0.000:0.002:-0.996	0.1:-0.0:0.2
856	822.839333	0	1769	107.7	0.576099	21.1	100517	-0.002:0.002:-1.008	0.0:-0.2:0.2
857	823.253679	0	466	28.4	0.576769	21.1	100517	-0.007:-0.003:-0.996	0.1:0.0:0.3
858	823.637303	0	1044	63.7	0.577438	21.1	100516	-0.001:0.001:-1.000	0.0:0.0:0.1
859	824.231549	0	1576	96.4	0.578119	21.1	100516	0.001:0.005:-1.005	0.0:-0.1:0.1
860	830.843156	0	487	29.7	0.578814	21.1	100513	0.002:-0.006:-1.009	0.0:-0.0:0.1
861	832.760017	1	1590	97.3	0.579517	21.1	100512	-0.006:-0.000:-1.005	0.1:0.0:0.3
